# All Parameter Sets
# [alpha] [beta] [ks] [kt] [ACC] [TP] [TN] [FP] [FN] [AUC] [FM] [MCC] [PB] (the best parameter set so far)
1 1 1 100 0.608402 754 419 488 267 0.655938 0.666372 0.208982 0.264173	(1 1 1 100 0.608402)
1 1 1 400 0.61722 731 459 448 290 0.666364 0.664545 0.227367 0.271508	(1 1 1 400 0.61722)
1 1 1 700 0.619295 727 467 440 294 0.668408 0.664534 0.23173 0.273283	(1 1 1 700 0.619295)
1 1 1 1000 0.619295 723 471 436 298 0.668922 0.663303 0.231818 0.271832	(1 1 1 700 0.619295)
1 1 1 1300 0.618257 724 468 439 297 0.667864 0.663004 0.229648 0.270637	(1 1 1 700 0.619295)
1 1 1 1600 0.61722 726 464 443 295 0.667768 0.663014 0.227457 0.269791	(1 1 1 700 0.619295)
1 1 1 2000 0.529564 1021 0 907 0 0.548754 0.692438 0 0	(1 1 1 700 0.619295)
1 1 2 100 0.599066 744 411 496 277 0.61394 0.658116 0.189452 0.247347	(1 1 1 700 0.619295)
1 1 2 400 0.587656 731 402 505 290 0.623251 0.647763 0.165636 0.226513	(1 1 1 700 0.619295)
1 1 2 700 0.593361 734 410 497 287 0.625116 0.651865 0.177591 0.236026	(1 1 1 700 0.619295)
1 1 2 1000 0.595954 742 407 500 279 0.626672 0.655767 0.182935 0.242054	(1 1 1 700 0.619295)
1 1 2 1300 0.60166 752 408 499 269 0.627688 0.661972 0.194878 0.253178	(1 1 1 700 0.619295)
1 1 2 1600 0.602178 747 414 493 274 0.629463 0.66077 0.19596 0.252883	(1 1 1 700 0.619295)
1 1 2 2000 0.529564 1021 0 907 0 0.523396 0.692438 0 0	(1 1 1 700 0.619295)
1 1 3 100 0.549793 714 346 561 307 0.557322 0.621951 0.0852064 0.164997	(1 1 1 700 0.619295)
1 1 3 400 0.548755 722 336 571 299 0.551266 0.624028 0.0824143 0.165425	(1 1 1 700 0.619295)
1 1 3 700 0.546162 722 331 576 299 0.548715 0.622682 0.0767148 0.161526	(1 1 1 700 0.619295)
1 1 3 1000 0.549274 724 335 572 297 0.549514 0.624946 0.0834246 0.166656	(1 1 1 700 0.619295)
1 1 3 1300 0.546162 720 333 574 301 0.549278 0.62203 0.0768521 0.161071	(1 1 1 700 0.619295)
1 1 3 1600 0.546162 718 335 572 303 0.551579 0.621376 0.0769907 0.160598	(1 1 1 700 0.619295)
1 1 3 2000 0.529564 1021 0 907 0 0.512492 0.692438 0 0	(1 1 1 700 0.619295)
1 1 4 100 0.522822 679 329 578 342 0.525147 0.596137 0.0290965 0.114926	(1 1 1 700 0.619295)
1 1 4 400 0.521266 684 321 586 337 0.516263 0.597119 0.0251019 0.11446	(1 1 1 700 0.619295)
1 1 4 700 0.519191 680 321 586 341 0.514639 0.594666 0.0209473 0.110145	(1 1 1 700 0.619295)
1 1 4 1000 0.518672 681 319 588 340 0.516077 0.59476 0.0196803 0.109756	(1 1 1 700 0.619295)
1 1 4 1300 0.519191 681 320 587 340 0.515484 0.59502 0.020833 0.110491	(1 1 1 700 0.619295)
1 1 4 1600 0.520747 681 323 584 340 0.517199 0.595801 0.024286 0.112697	(1 1 1 700 0.619295)
1 1 4 2000 0.529564 1021 0 907 0 0.510118 0.692438 0 0	(1 1 1 700 0.619295)
1 1 5 100 0.514523 661 331 576 360 0.518181 0.585474 0.0128482 0.0963137	(1 1 1 700 0.619295)
1 1 5 400 0.512448 665 323 584 356 0.511606 0.585903 0.00777588 0.0950913	(1 1 1 700 0.619295)
1 1 5 700 0.514523 666 326 581 355 0.510653 0.587302 0.0122475 0.0983654	(1 1 1 700 0.619295)
1 1 5 1000 0.515041 668 325 582 353 0.511752 0.588287 0.0131549 0.0998772	(1 1 1 700 0.619295)
1 1 5 1300 0.51556 668 326 581 353 0.511316 0.588546 0.0143026 0.100599	(1 1 1 700 0.619295)
1 1 5 1600 0.516598 668 328 579 353 0.51274 0.589065 0.0165957 0.102041	(1 1 1 700 0.619295)
1 1 5 2000 0.529564 1021 0 907 0 0.510052 0.692438 0 0	(1 1 1 700 0.619295)
1 1 6 100 0.513485 644 346 561 377 0.513942 0.578616 0.0126106 0.0871392	(1 1 1 700 0.619295)
1 1 6 400 0.509336 646 336 571 375 0.50605 0.577301 0.00327431 0.0825347	(1 1 1 700 0.619295)
1 1 6 700 0.510373 646 338 569 375 0.504958 0.577818 0.00555225 0.0839299	(1 1 1 700 0.619295)
1 1 6 1000 0.510373 648 336 571 373 0.505952 0.578571 0.00530389 0.0848758	(1 1 1 700 0.619295)
1 1 6 1300 0.510892 648 337 570 373 0.505508 0.57883 0.00644325 0.0855756	(1 1 1 700 0.619295)
1 1 6 1600 0.511929 648 339 568 373 0.506684 0.579347 0.00872 0.0869751	(1 1 1 700 0.619295)
1 1 6 2000 0.529564 1021 0 907 0 0.513625 0.692438 0 0	(1 1 1 700 0.619295)
1 1 7 100 0.511411 627 359 548 394 0.506595 0.571038 0.0101428 0.0754357	(1 1 1 700 0.619295)
1 1 7 400 0.505705 630 345 562 391 0.499874 0.569363 -0.0026538 0.0696174	(1 1 1 700 0.619295)
1 1 7 700 0.505705 630 345 562 391 0.498778 0.569363 -0.0026538 0.0696174	(1 1 1 700 0.619295)
1 1 7 1000 0.506224 632 344 563 389 0.499357 0.570397 -0.0017754 0.0713646	(1 1 1 700 0.619295)
1 1 7 1300 0.506743 633 344 563 388 0.498991 0.571042 -0.000768543 0.0725752	(1 1 1 700 0.619295)
1 1 7 1600 0.508299 633 347 560 388 0.499943 0.571816 0.00263118 0.0746258	(1 1 1 700 0.619295)
1 1 7 2000 0.529564 1021 0 907 0 0.51414 0.692438 0 0	(1 1 1 700 0.619295)
1 1 8 100 0.504149 617 355 552 404 0.503999 0.56347 -0.00438302 0.0602766	(1 1 1 700 0.619295)
1 1 8 400 0.503112 623 347 560 398 0.49652 0.565336 -0.0074152 0.062391	(1 1 1 700 0.619295)
1 1 8 700 0.504149 623 349 558 398 0.495251 0.565849 -0.00515234 0.0637365	(1 1 1 700 0.619295)
1 1 8 1000 0.504149 625 347 560 396 0.495617 0.566636 -0.00540997 0.0648552	(1 1 1 700 0.619295)
1 1 8 1300 0.503631 624 347 560 397 0.495276 0.565986 -0.00641283 0.0636242	(1 1 1 700 0.619295)
1 1 8 1600 0.504668 624 349 558 397 0.496492 0.5665 -0.00414989 0.0649719	(1 1 1 700 0.619295)
1 1 8 2000 0.529564 1021 0 907 0 0.517637 0.692438 0 0	(1 1 1 700 0.619295)
1 1 9 100 0.509855 622 361 546 399 0.502343 0.568296 0.00737652 0.0705591	(1 1 1 700 0.619295)
1 1 9 400 0.506743 623 354 553 398 0.495729 0.567137 0.00049505 0.0671003	(1 1 1 700 0.619295)
1 1 9 700 0.506224 621 355 552 400 0.494414 0.566089 -0.000380961 0.0652829	(1 1 1 700 0.619295)
1 1 9 1000 0.506743 623 354 553 398 0.494847 0.567137 0.00049505 0.0671003	(1 1 1 700 0.619295)
1 1 9 1300 0.507261 623 355 552 398 0.494111 0.567395 0.00162289 0.067773	(1 1 1 700 0.619295)
1 1 9 1600 0.508817 623 358 549 398 0.49534 0.568171 0.00500321 0.0697913	(1 1 1 700 0.619295)
1 1 9 2000 0.529564 1021 0 907 0 0.519844 0.692438 0 0	(1 1 1 700 0.619295)
1 1 10 100 0.50778 616 363 544 405 0.50278 0.564878 0.00361998 0.0643412	(1 1 1 700 0.619295)
1 1 10 400 0.506224 619 357 550 402 0.495785 0.565297 -0.000129075 0.0641209	(1 1 1 700 0.619295)
1 1 10 700 0.505187 616 358 549 405 0.494718 0.563586 -0.00200269 0.0610153	(1 1 1 700 0.619295)
1 1 10 1000 0.506224 618 358 549 403 0.494809 0.564899 -3.30809e-06 0.0635335	(1 1 1 700 0.619295)
1 1 10 1300 0.507261 619 359 548 402 0.494385 0.565814 0.00212269 0.0654578	(1 1 1 700 0.619295)
1 1 10 1600 0.508817 619 362 545 402 0.495576 0.56659 0.00549651 0.0674631	(1 1 1 700 0.619295)
1 1 10 2000 0.529564 1021 0 907 0 0.518607 0.692438 0 0	(1 1 1 700 0.619295)
1 2 1 100 0.607884 767 405 502 254 0.659436 0.669869 0.208095 0.265774	(1 1 1 700 0.619295)
1 2 1 400 0.612033 754 426 481 267 0.664798 0.66844 0.21654 0.269873	(1 1 1 700 0.619295)
1 2 1 700 0.618776 761 432 475 260 0.666262 0.674346 0.230626 0.282007	(1 1 1 700 0.619295)
1 2 1 1000 0.617739 756 435 472 265 0.665022 0.672299 0.2284 0.279289	(1 1 1 700 0.619295)
1 2 1 1300 0.616701 756 433 474 265 0.662585 0.671701 0.226251 0.277657	(1 1 1 700 0.619295)
1 2 1 1600 0.611515 764 415 492 257 0.661293 0.671058 0.215607 0.271056	(1 1 1 700 0.619295)
1 2 1 2000 0.530602 1021 2 905 0 0.582771 0.692908 0.0341898 0.00220507	(1 1 1 700 0.619295)
1 2 2 100 0.606328 761 408 499 260 0.657202 0.667251 0.204731 0.262285	(1 1 1 700 0.619295)
1 2 2 400 0.618776 739 454 453 282 0.666481 0.667872 0.230499 0.276424	(1 1 1 700 0.619295)
1 2 2 700 0.620332 735 461 446 286 0.668851 0.667575 0.233752 0.277566	(1 2 2 700 0.620332)
1 2 2 1000 0.621369 731 467 440 290 0.669545 0.666971 0.235949 0.277823	(1 2 2 1000 0.621369)
1 2 2 1300 0.618776 729 464 443 292 0.668327 0.664843 0.23062 0.273196	(1 2 2 1000 0.621369)
1 2 2 1600 0.619295 734 460 447 287 0.668143 0.666667 0.231619 0.275657	(1 2 2 1000 0.621369)
1 2 2 2000 0.529564 1021 0 907 0 0.5557 0.692438 0 0	(1 2 2 1000 0.621369)
1 2 3 100 0.606846 760 410 497 261 0.643034 0.667252 0.205801 0.262923	(1 2 2 1000 0.621369)
1 2 3 400 0.607884 742 430 477 279 0.655694 0.6625 0.207882 0.260482	(1 2 2 1000 0.621369)
1 2 3 700 0.616183 739 449 458 282 0.657999 0.666366 0.225131 0.272434	(1 2 2 1000 0.621369)
1 2 3 1000 0.615664 748 439 468 273 0.659418 0.668753 0.22404 0.274115	(1 2 2 1000 0.621369)
1 2 3 1300 0.616701 754 435 472 267 0.65984 0.671117 0.226229 0.277201	(1 2 2 1000 0.621369)
1 2 3 1600 0.617739 756 435 472 265 0.66143 0.672299 0.2284 0.279289	(1 2 2 1000 0.621369)
1 2 3 2000 0.529564 1021 0 907 0 0.530192 0.692438 0 0	(1 2 2 1000 0.621369)
1 2 4 100 0.603734 759 405 502 262 0.62005 0.665206 0.199277 0.257817	(1 2 2 1000 0.621369)
1 2 4 400 0.604253 765 400 507 256 0.629681 0.667248 0.200453 0.259667	(1 2 2 1000 0.621369)
1 2 4 700 0.600104 763 394 513 258 0.632623 0.664345 0.191706 0.25275	(1 2 2 1000 0.621369)
1 2 4 1000 0.604253 777 388 519 244 0.634392 0.670695 0.200754 0.261261	(1 2 2 1000 0.621369)
1 2 4 1300 0.60529 783 384 523 238 0.634934 0.672969 0.20315 0.263516	(1 2 2 1000 0.621369)
1 2 4 1600 0.607884 783 389 518 238 0.636576 0.674419 0.208601 0.267743	(1 2 2 1000 0.621369)
1 2 4 2000 0.529564 1021 0 907 0 0.516731 0.692438 0 0	(1 2 2 1000 0.621369)
1 2 5 100 0.584025 748 378 529 273 0.592508 0.651001 0.157654 0.224843	(1 2 2 1000 0.621369)
1 2 5 400 0.57832 749 366 541 272 0.595473 0.648204 0.145452 0.216134	(1 2 2 1000 0.621369)
1 2 5 700 0.57417 757 350 557 264 0.596092 0.648394 0.136403 0.210847	(1 2 2 1000 0.621369)
1 2 5 1000 0.573651 762 344 563 259 0.596939 0.649616 0.135219 0.210623	(1 2 2 1000 0.621369)
1 2 5 1300 0.579876 770 348 559 251 0.59662 0.655319 0.148673 0.221327	(1 2 2 1000 0.621369)
1 2 5 1600 0.579876 767 351 556 254 0.598464 0.654437 0.148666 0.221048	(1 2 2 1000 0.621369)
1 2 5 2000 0.529564 1021 0 907 0 0.523178 0.692438 0 0	(1 2 2 1000 0.621369)
1 2 6 100 0.563278 727 359 548 294 0.56493 0.633275 0.113751 0.188497	(1 2 2 1000 0.621369)
1 2 6 400 0.551867 723 341 566 298 0.559857 0.625974 0.0891671 0.170336	(1 2 2 1000 0.621369)
1 2 6 700 0.552905 729 337 570 292 0.55848 0.628448 0.0910877 0.173219	(1 2 2 1000 0.621369)
1 2 6 1000 0.553942 734 334 573 287 0.559392 0.630584 0.0930894 0.175787	(1 2 2 1000 0.621369)
1 2 6 1300 0.552386 732 333 574 289 0.558715 0.629136 0.0897815 0.173031	(1 2 2 1000 0.621369)
1 2 6 1600 0.552905 731 335 572 290 0.560378 0.629088 0.0909758 0.173625	(1 2 2 1000 0.621369)
1 2 6 2000 0.529564 1021 0 907 0 0.517988 0.692438 0 0	(1 2 2 1000 0.621369)
1 2 7 100 0.534751 693 338 569 328 0.540738 0.607096 0.0539563 0.136764	(1 2 2 1000 0.621369)
1 2 7 400 0.533714 695 334 573 326 0.533398 0.607252 0.051494 0.135905	(1 2 2 1000 0.621369)
1 2 7 700 0.530083 694 328 579 327 0.53116 0.605057 0.0435849 0.130342	(1 2 2 1000 0.621369)
1 2 7 1000 0.530602 696 327 580 325 0.531654 0.606008 0.0445371 0.131707	(1 2 2 1000 0.621369)
1 2 7 1300 0.529046 695 325 582 326 0.531119 0.604874 0.0411928 0.12915	(1 2 2 1000 0.621369)
1 2 7 1600 0.530602 695 328 579 326 0.532594 0.605664 0.0446337 0.131402	(1 2 2 1000 0.621369)
1 2 7 2000 0.529564 1021 0 907 0 0.514491 0.692438 0 0	(1 2 2 1000 0.621369)
1 2 8 100 0.52334 665 344 563 356 0.52532 0.591374 0.031755 0.110172	(1 2 2 1000 0.621369)
1 2 8 400 0.51971 668 334 573 353 0.517111 0.590628 0.0234574 0.106369	(1 2 2 1000 0.621369)
1 2 8 700 0.51971 667 335 572 354 0.514846 0.590265 0.0235704 0.105965	(1 2 2 1000 0.621369)
1 2 8 1000 0.51971 669 333 574 352 0.51513 0.590989 0.0233443 0.106769	(1 2 2 1000 0.621369)
1 2 8 1300 0.518154 666 333 574 355 0.514809 0.58912 0.0202602 0.1034	(1 2 2 1000 0.621369)
1 2 8 1600 0.519191 666 335 572 355 0.516307 0.589641 0.0225431 0.104838	(1 2 2 1000 0.621369)
1 2 8 2000 0.529564 1021 0 907 0 0.514613 0.692438 0 0	(1 2 2 1000 0.621369)
1 2 9 100 0.515041 642 351 556 379 0.516617 0.578639 0.0162436 0.0882255	(1 2 2 1000 0.621369)
1 2 9 400 0.511929 650 337 570 371 0.509227 0.580098 0.00847532 0.0879102	(1 2 2 1000 0.621369)
1 2 9 700 0.511411 649 337 570 372 0.507225 0.579464 0.00745898 0.086744	(1 2 2 1000 0.621369)
1 2 9 1000 0.511411 650 336 571 371 0.507394 0.579839 0.0073359 0.0872083	(1 2 2 1000 0.621369)
1 2 9 1300 0.510892 649 336 571 372 0.506939 0.579206 0.00631959 0.0860431	(1 2 2 1000 0.621369)
1 2 9 1600 0.511411 648 338 569 373 0.508497 0.579088 0.00758196 0.0862753	(1 2 2 1000 0.621369)
1 2 9 2000 0.529564 1021 0 907 0 0.515926 0.692438 0 0	(1 2 2 1000 0.621369)
1 2 10 100 0.504149 620 352 555 401 0.512918 0.564663 -0.00476703 0.062026	(1 2 2 1000 0.621369)
1 2 10 400 0.505705 630 345 562 391 0.505655 0.569363 -0.0026538 0.0696174	(1 2 2 1000 0.621369)
1 2 10 700 0.505187 629 345 562 392 0.504076 0.568716 -0.00365912 0.0683993	(1 2 2 1000 0.621369)
1 2 10 1000 0.505187 630 344 563 391 0.504227 0.569106 -0.00378753 0.0689371	(1 2 2 1000 0.621369)
1 2 10 1300 0.505187 630 344 563 391 0.503912 0.569106 -0.00378753 0.0689371	(1 2 2 1000 0.621369)
1 2 10 1600 0.506224 630 346 561 391 0.50527 0.56962 -0.00152066 0.0702977	(1 2 2 1000 0.621369)
1 2 10 2000 0.529564 1021 0 907 0 0.517242 0.692438 0 0	(1 2 2 1000 0.621369)
1 3 1 100 0.607884 771 401 506 250 0.658895 0.671018 0.208193 0.26637	(1 2 2 1000 0.621369)
1 3 1 400 0.614108 768 416 491 253 0.663812 0.673684 0.221097 0.275881	(1 2 2 1000 0.621369)
1 3 1 700 0.614627 775 410 497 246 0.664638 0.67597 0.222386 0.277776	(1 2 2 1000 0.621369)
1 3 1 1000 0.612033 781 399 508 240 0.662152 0.67619 0.217206 0.274305	(1 2 2 1000 0.621369)
1 3 1 1300 0.612552 793 388 519 228 0.659165 0.679811 0.218875 0.27612	(1 2 2 1000 0.621369)
1 3 1 1600 0.602178 823 338 569 198 0.657007 0.682138 0.199118 0.258054	(1 2 2 1000 0.621369)
1 3 1 2000 0.530602 1021 2 905 0 0.582694 0.692908 0.0341898 0.00220507	(1 2 2 1000 0.621369)
1 3 2 100 0.604772 759 407 500 262 0.659773 0.665789 0.201449 0.259457	(1 2 2 1000 0.621369)
1 3 2 400 0.615145 752 434 473 269 0.665925 0.669635 0.222986 0.274292	(1 2 2 1000 0.621369)
1 3 2 700 0.618257 751 441 466 270 0.667878 0.671135 0.229426 0.278918	(1 2 2 1000 0.621369)
1 3 2 1000 0.618257 745 447 460 276 0.667047 0.669362 0.229406 0.27735	(1 2 2 1000 0.621369)
1 3 2 1300 0.618776 741 452 455 280 0.665017 0.668471 0.230488 0.277018	(1 2 2 1000 0.621369)
1 3 2 1600 0.617739 749 442 465 272 0.664126 0.670246 0.228341 0.277604	(1 2 2 1000 0.621369)
1 3 2 2000 0.529564 1021 0 907 0 0.570974 0.692438 0 0	(1 2 2 1000 0.621369)
1 3 3 100 0.608402 769 404 503 252 0.657685 0.670737 0.209227 0.266911	(1 2 2 1000 0.621369)
1 3 3 400 0.616701 743 446 461 278 0.666608 0.667865 0.226187 0.274386	(1 2 2 1000 0.621369)
1 3 3 700 0.618257 742 450 457 279 0.668723 0.668468 0.229411 0.276508	(1 2 2 1000 0.621369)
1 3 3 1000 0.621888 738 461 446 283 0.669403 0.669388 0.236938 0.280903	(1 3 3 1000 0.621888)
1 3 3 1300 0.619813 737 458 449 284 0.667953 0.667875 0.232659 0.277405	(1 3 3 1000 0.621888)
1 3 3 1600 0.622407 745 455 452 276 0.667898 0.671776 0.237982 0.283786	(1 3 3 1600 0.622407)
1 3 3 2000 0.529564 1021 0 907 0 0.557688 0.692438 0 0	(1 3 3 1600 0.622407)
1 3 4 100 0.608402 756 417 490 265 0.65121 0.666961 0.209 0.264595	(1 3 3 1600 0.622407)
1 3 4 400 0.612552 739 442 465 282 0.662637 0.66427 0.217603 0.266848	(1 3 3 1600 0.622407)
1 3 4 700 0.613589 733 450 457 288 0.665011 0.663048 0.219816 0.266624	(1 3 3 1600 0.622407)
1 3 4 1000 0.619813 744 451 456 277 0.666252 0.669968 0.232624 0.279484	(1 3 3 1600 0.622407)
1 3 4 1300 0.618776 746 447 460 275 0.665814 0.66996 0.230479 0.278428	(1 3 3 1600 0.622407)
1 3 4 1600 0.619813 748 447 460 273 0.666838 0.671153 0.232629 0.280576	(1 3 3 1600 0.622407)
1 3 4 2000 0.529564 1021 0 907 0 0.540358 0.692438 0 0	(1 3 3 1600 0.622407)
1 3 5 100 0.607365 764 407 500 257 0.639222 0.668709 0.20695 0.264456	(1 3 3 1600 0.622407)
1 3 5 400 0.611515 753 426 481 268 0.652057 0.667849 0.215453 0.268835	(1 3 3 1600 0.622407)
1 3 5 700 0.615664 756 431 476 265 0.654576 0.671105 0.224101 0.276024	(1 3 3 1600 0.622407)
1 3 5 1000 0.610996 762 416 491 259 0.656105 0.670185 0.214489 0.269869	(1 3 3 1600 0.622407)
1 3 5 1300 0.610996 768 410 497 253 0.656526 0.671916 0.214616 0.270905	(1 3 3 1600 0.622407)
1 3 5 1600 0.613071 771 411 496 250 0.658007 0.673951 0.21902 0.274696	(1 3 3 1600 0.622407)
1 3 5 2000 0.529564 1021 0 907 0 0.527287 0.692438 0 0	(1 3 3 1600 0.622407)
1 3 6 100 0.598548 761 393 514 260 0.623395 0.662892 0.188406 0.249958	(1 3 3 1600 0.622407)
1 3 6 400 0.600104 771 386 521 250 0.634116 0.666667 0.191851 0.253881	(1 3 3 1600 0.622407)
1 3 6 700 0.604772 775 391 516 246 0.63766 0.670415 0.201782 0.261875	(1 3 3 1600 0.622407)
1 3 6 1000 0.602178 784 377 530 237 0.639959 0.67152 0.196627 0.258517	(1 3 3 1600 0.622407)
1 3 6 1300 0.604253 791 374 533 230 0.64038 0.674627 0.201316 0.262334	(1 3 3 1600 0.622407)
1 3 6 1600 0.603734 794 370 537 227 0.641905 0.67517 0.200371 0.261597	(1 3 3 1600 0.622407)
1 3 6 2000 0.529564 1021 0 907 0 0.518037 0.692438 0 0	(1 3 3 1600 0.622407)
1 3 7 100 0.593361 762 382 525 259 0.605812 0.660312 0.177461 0.241892	(1 3 3 1600 0.622407)
1 3 7 400 0.594917 776 371 536 245 0.61283 0.665238 0.180989 0.246069	(1 3 3 1600 0.622407)
1 3 7 700 0.594398 780 366 541 241 0.614648 0.666097 0.179989 0.245559	(1 3 3 1600 0.622407)
1 3 7 1000 0.596992 795 356 551 226 0.616266 0.671736 0.186085 0.250467	(1 3 3 1600 0.622407)
1 3 7 1300 0.596473 802 348 559 219 0.616298 0.673384 0.185337 0.249593	(1 3 3 1600 0.622407)
1 3 7 1600 0.59751 801 351 556 220 0.618138 0.673675 0.187504 0.251338	(1 3 3 1600 0.622407)
1 3 7 2000 0.529564 1021 0 907 0 0.516036 0.692438 0 0	(1 3 3 1600 0.622407)
1 3 8 100 0.582469 757 366 541 264 0.585546 0.652868 0.154259 0.223926	(1 3 3 1600 0.622407)
1 3 8 400 0.572614 760 344 563 261 0.586941 0.648464 0.13299 0.208757	(1 3 3 1600 0.622407)
1 3 8 700 0.571058 771 330 577 250 0.587262 0.650908 0.129487 0.207257	(1 3 3 1600 0.622407)
1 3 8 1000 0.570021 778 321 586 243 0.588067 0.652411 0.127174 0.205917	(1 3 3 1600 0.622407)
1 3 8 1300 0.573651 782 324 583 239 0.587045 0.65549 0.135172 0.211919	(1 3 3 1600 0.622407)
1 3 8 1600 0.573651 781 325 582 240 0.589114 0.655201 0.135166 0.211895	(1 3 3 1600 0.622407)
1 3 8 2000 0.529564 1021 0 907 0 0.519136 0.692438 0 0	(1 3 3 1600 0.622407)
1 3 9 100 0.564315 732 356 551 289 0.566436 0.635417 0.115778 0.191212	(1 3 3 1600 0.622407)
1 3 9 400 0.562241 747 337 570 274 0.562754 0.639008 0.110698 0.190771	(1 3 3 1600 0.622407)
1 3 9 700 0.560166 749 331 576 272 0.561349 0.638534 0.10608 0.187825	(1 3 3 1600 0.622407)
1 3 9 1000 0.558091 749 327 580 272 0.561546 0.637447 0.101517 0.18459	(1 3 3 1600 0.622407)
1 3 9 1300 0.560166 754 326 581 267 0.560406 0.640068 0.105904 0.188452	(1 3 3 1600 0.622407)
1 3 9 1600 0.562759 756 329 578 265 0.562712 0.642038 0.111548 0.192754	(1 3 3 1600 0.622407)
1 3 9 2000 0.529564 1021 0 907 0 0.517777 0.692438 0 0	(1 3 3 1600 0.622407)
1 3 10 100 0.54668 702 352 555 319 0.550921 0.61633 0.0792718 0.15695	(1 3 3 1600 0.622407)
1 3 10 400 0.544087 704 345 562 317 0.545409 0.615654 0.0734711 0.153762	(1 3 3 1600 0.622407)
1 3 10 700 0.540975 703 340 567 318 0.543297 0.613706 0.0667437 0.148908	(1 3 3 1600 0.622407)
1 3 10 1000 0.542531 709 337 570 312 0.543304 0.616522 0.0696815 0.152896	(1 3 3 1600 0.622407)
1 3 10 1300 0.541494 709 335 572 312 0.542397 0.615986 0.0674037 0.151365	(1 3 3 1600 0.622407)
1 3 10 1600 0.54305 709 338 569 312 0.544389 0.61679 0.0708192 0.153662	(1 3 3 1600 0.622407)
1 3 10 2000 0.529564 1021 0 907 0 0.519631 0.692438 0 0	(1 3 3 1600 0.622407)
1 4 1 100 0.607884 773 399 508 248 0.658692 0.67159 0.20825 0.266642	(1 3 3 1600 0.622407)
1 4 1 400 0.612552 772 409 498 249 0.663566 0.673942 0.217969 0.274011	(1 3 3 1600 0.622407)
1 4 1 700 0.612033 782 398 509 239 0.663723 0.676471 0.217247 0.274408	(1 3 3 1600 0.622407)
1 4 1 1000 0.60944 794 381 526 227 0.661026 0.678343 0.212403 0.271028	(1 3 3 1600 0.622407)
1 4 1 1300 0.600622 818 340 567 203 0.657309 0.679967 0.195343 0.25583	(1 3 3 1600 0.622407)
1 4 1 1600 0.603216 885 278 629 136 0.654279 0.698225 0.210648 0.245705	(1 3 3 1600 0.622407)
1 4 1 2000 0.529564 1021 0 907 0 0.583091 0.692438 0 0	(1 3 3 1600 0.622407)
1 4 2 100 0.606846 764 406 501 257 0.659515 0.668416 0.205865 0.263631	(1 3 3 1600 0.622407)
1 4 2 400 0.611515 755 424 483 266 0.66479 0.668437 0.215471 0.269278	(1 3 3 1600 0.622407)
1 4 2 700 0.616183 761 427 480 260 0.666035 0.672856 0.225252 0.277898	(1 3 3 1600 0.622407)
1 4 2 1000 0.615664 756 431 476 265 0.664455 0.671105 0.224101 0.276024	(1 3 3 1600 0.622407)
1 4 2 1300 0.615145 758 428 479 263 0.661902 0.671391 0.223051 0.275639	(1 3 3 1600 0.622407)
1 4 2 1600 0.611515 772 407 500 249 0.660368 0.673354 0.215806 0.272344	(1 3 3 1600 0.622407)
1 4 2 2000 0.529564 1021 0 907 0 0.583088 0.692438 0 0	(1 3 3 1600 0.622407)
1 4 3 100 0.60529 761 406 501 260 0.659436 0.666667 0.202561 0.260641	(1 3 3 1600 0.622407)
1 4 3 400 0.615145 753 433 474 268 0.666049 0.669929 0.222994 0.274527	(1 3 3 1600 0.622407)
1 4 3 700 0.616183 749 439 468 272 0.668031 0.669348 0.225118 0.275177	(1 3 3 1600 0.622407)
1 4 3 1000 0.616183 743 445 462 278 0.667605 0.667565 0.225113 0.273583	(1 3 3 1600 0.622407)
1 4 3 1300 0.616701 740 449 458 281 0.66569 0.666967 0.226199 0.273527	(1 3 3 1600 0.622407)
1 4 3 1600 0.616183 749 439 468 272 0.664949 0.669348 0.225118 0.275177	(1 3 3 1600 0.622407)
1 4 3 2000 0.529564 1021 0 907 0 0.569701 0.692438 0 0	(1 3 3 1600 0.622407)
1 4 4 100 0.608402 768 405 502 253 0.658246 0.67045 0.209202 0.266759	(1 3 3 1600 0.622407)
1 4 4 400 0.614108 741 443 464 280 0.666495 0.665768 0.22082 0.269817	(1 3 3 1600 0.622407)
1 4 4 700 0.618257 743 449 458 278 0.668752 0.668767 0.229408 0.276793	(1 3 3 1600 0.622407)
1 4 4 1000 0.619295 738 456 451 283 0.669348 0.667873 0.231579 0.276918	(1 3 3 1600 0.622407)
1 4 4 1300 0.619295 736 458 449 285 0.667668 0.667271 0.231596 0.276296	(1 3 3 1600 0.622407)
1 4 4 1600 0.61722 741 449 458 280 0.66755 0.667568 0.227268 0.274618	(1 3 3 1600 0.622407)
1 4 4 2000 0.529564 1021 0 907 0 0.558521 0.692438 0 0	(1 3 3 1600 0.622407)
1 4 5 100 0.603734 758 406 501 263 0.654116 0.664912 0.199266 0.257632	(1 3 3 1600 0.622407)
1 4 5 400 0.612552 735 446 461 286 0.664399 0.663058 0.21764 0.26566	(1 3 3 1600 0.622407)
1 4 5 700 0.617739 739 452 455 282 0.666784 0.667269 0.228352 0.274828	(1 3 3 1600 0.622407)
1 4 5 1000 0.619813 741 454 453 280 0.66772 0.669074 0.232633 0.278619	(1 3 3 1600 0.622407)
1 4 5 1300 0.619813 743 452 455 278 0.666862 0.669671 0.232626 0.2792	(1 3 3 1600 0.622407)
1 4 5 1600 0.620332 748 448 459 273 0.667376 0.671454 0.233701 0.281384	(1 3 3 1600 0.622407)
1 4 5 2000 0.529564 1021 0 907 0 0.548835 0.692438 0 0	(1 3 3 1600 0.622407)
1 4 6 100 0.609959 762 414 493 259 0.647116 0.669596 0.212327 0.268223	(1 3 3 1600 0.622407)
1 4 6 400 0.615145 747 439 468 274 0.659451 0.668157 0.222962 0.27305	(1 3 3 1600 0.622407)
1 4 6 700 0.61722 744 446 461 277 0.661841 0.668464 0.227259 0.275467	(1 3 3 1600 0.622407)
1 4 6 1000 0.614108 752 432 475 269 0.663288 0.669039 0.220833 0.272668	(1 3 3 1600 0.622407)
1 4 6 1300 0.617739 762 429 478 259 0.66281 0.674038 0.228497 0.280566	(1 3 3 1600 0.622407)
1 4 6 1600 0.618257 761 431 476 260 0.664139 0.674048 0.229552 0.281186	(1 3 3 1600 0.622407)
1 4 6 2000 0.529564 1021 0 907 0 0.535139 0.692438 0 0	(1 3 3 1600 0.622407)
1 4 7 100 0.607884 770 402 505 251 0.637455 0.670732 0.208167 0.266227	(1 3 3 1600 0.622407)
1 4 7 400 0.606846 761 409 498 260 0.650635 0.667544 0.205815 0.263107	(1 3 3 1600 0.622407)
1 4 7 700 0.611515 765 414 493 256 0.653473 0.671347 0.215628 0.271232	(1 3 3 1600 0.622407)
1 4 7 1000 0.608402 772 401 506 249 0.655045 0.671596 0.209306 0.267342	(1 3 3 1600 0.622407)
1 4 7 1300 0.611515 781 398 509 240 0.655309 0.675898 0.216122 0.273461	(1 3 3 1600 0.622407)
1 4 7 1600 0.608402 783 390 517 238 0.656858 0.674709 0.209689 0.268589	(1 3 3 1600 0.622407)
1 4 7 2000 0.529564 1021 0 907 0 0.526548 0.692438 0 0	(1 3 3 1600 0.622407)
1 4 8 100 0.60166 770 390 517 251 0.625682 0.667244 0.195107 0.256249	(1 3 3 1600 0.622407)
1 4 8 400 0.598548 772 382 525 249 0.637951 0.666091 0.188589 0.251502	(1 3 3 1600 0.622407)
1 4 8 700 0.602697 780 382 525 241 0.641206 0.670679 0.197576 0.259035	(1 3 3 1600 0.622407)
1 4 8 1000 0.598548 787 367 540 234 0.643004 0.670358 0.189052 0.252766	(1 3 3 1600 0.622407)
1 4 8 1300 0.598548 792 362 545 229 0.643279 0.671756 0.189264 0.252971	(1 3 3 1600 0.622407)
1 4 8 1600 0.603734 798 366 541 223 0.644909 0.676271 0.20059 0.261692	(1 3 3 1600 0.622407)
1 4 8 2000 0.529564 1021 0 907 0 0.521294 0.692438 0 0	(1 3 3 1600 0.622407)
1 4 9 100 0.599066 767 388 519 254 0.613377 0.664933 0.189584 0.251693	(1 3 3 1600 0.622407)
1 4 9 400 0.598548 778 376 531 243 0.62295 0.667811 0.188744 0.252124	(1 3 3 1600 0.622407)
1 4 9 700 0.598548 784 370 537 237 0.625359 0.669513 0.188939 0.252591	(1 3 3 1600 0.622407)
1 4 9 1000 0.600622 798 360 547 223 0.627442 0.674556 0.193981 0.256522	(1 3 3 1600 0.622407)
1 4 9 1300 0.601141 806 353 554 215 0.627753 0.677026 0.195567 0.257323	(1 3 3 1600 0.622407)
1 4 9 1600 0.60166 808 352 555 213 0.629527 0.677852 0.196809 0.258137	(1 3 3 1600 0.622407)
1 4 9 2000 0.529564 1021 0 907 0 0.518123 0.692438 0 0	(1 3 3 1600 0.622407)
1 4 10 100 0.594917 768 379 528 253 0.601208 0.662926 0.18083 0.245196	(1 3 3 1600 0.622407)
1 4 10 400 0.594917 784 363 544 237 0.607804 0.667518 0.181216 0.246665	(1 3 3 1600 0.622407)
1 4 10 700 0.587656 782 351 556 239 0.609189 0.662993 0.16561 0.234719	(1 3 3 1600 0.622407)
1 4 10 1000 0.588174 789 345 562 232 0.610614 0.665261 0.16692 0.235821	(1 3 3 1600 0.622407)
1 4 10 1300 0.591286 798 342 565 223 0.610481 0.669463 0.173978 0.24101	(1 3 3 1600 0.622407)
1 4 10 1600 0.591286 796 344 563 225 0.612702 0.668908 0.17389 0.241023	(1 3 3 1600 0.622407)
1 4 10 2000 0.529564 1021 0 907 0 0.518578 0.692438 0 0	(1 3 3 1600 0.622407)
1 5 1 100 0.607884 773 399 508 248 0.658692 0.67159 0.20825 0.266642	(1 3 3 1600 0.622407)
1 5 1 400 0.613589 776 407 500 245 0.663377 0.675664 0.220261 0.276235	(1 3 3 1600 0.622407)
1 5 1 700 0.615145 790 396 511 231 0.663269 0.680448 0.224129 0.280201	(1 3 3 1600 0.622407)
1 5 1 1000 0.612552 805 376 531 216 0.660234 0.683072 0.219655 0.27647	(1 3 3 1600 0.622407)
1 5 1 1300 0.599066 835 320 587 186 0.656338 0.683586 0.193582 0.251179	(1 3 3 1600 0.622407)
1 5 1 1600 0.5861 932 198 709 89 0.651543 0.700225 0.183879 0.190719	(1 3 3 1600 0.622407)
1 5 1 2000 0.529564 1021 0 907 0 0.583772 0.692438 0 0	(1 3 3 1600 0.622407)
1 5 2 100 0.607884 768 404 503 253 0.659352 0.670157 0.208118 0.265929	(1 3 3 1600 0.622407)
1 5 2 400 0.613071 765 417 490 256 0.664062 0.672232 0.218867 0.273711	(1 3 3 1600 0.622407)
1 5 2 700 0.616701 771 418 489 250 0.664879 0.676019 0.226569 0.280524	(1 3 3 1600 0.622407)
1 5 2 1000 0.612552 770 411 496 251 0.662626 0.673371 0.217911 0.273711	(1 3 3 1600 0.622407)
1 5 2 1300 0.611515 779 400 507 242 0.659643 0.675336 0.216044 0.273243	(1 3 3 1600 0.622407)
1 5 2 1600 0.611515 805 374 533 216 0.657788 0.682493 0.217474 0.274731	(1 3 3 1600 0.622407)
1 5 2 2000 0.529564 1021 0 907 0 0.584156 0.692438 0 0	(1 3 3 1600 0.622407)
1 5 3 100 0.607884 764 408 499 257 0.659569 0.669002 0.208034 0.265281	(1 3 3 1600 0.622407)
1 5 3 400 0.610477 752 425 482 269 0.66516 0.666962 0.213288 0.266983	(1 3 3 1600 0.622407)
1 5 3 700 0.618776 759 434 473 262 0.666497 0.673768 0.230591 0.281586	(1 3 3 1600 0.622407)
1 5 3 1000 0.619295 755 439 468 266 0.665438 0.672906 0.231609 0.281507	(1 3 3 1600 0.622407)
1 5 3 1300 0.616183 751 437 470 270 0.66315 0.669938 0.225129 0.275674	(1 3 3 1600 0.622407)
1 5 3 1600 0.613589 761 422 485 260 0.661863 0.671372 0.219867 0.27379	(1 3 3 1600 0.622407)
1 5 3 2000 0.529564 1021 0 907 0 0.582659 0.692438 0 0	(1 3 3 1600 0.622407)
1 5 4 100 0.604253 761 404 503 260 0.65946 0.666083 0.200389 0.258998	(1 3 3 1600 0.622407)
1 5 4 400 0.613071 749 433 474 272 0.666046 0.667558 0.218663 0.270324	(1 3 3 1600 0.622407)
1 5 4 700 0.616183 747 441 466 274 0.668081 0.668756 0.225112 0.274663	(1 3 3 1600 0.622407)
1 5 4 1000 0.615664 742 445 462 279 0.667878 0.666966 0.224041 0.272501	(1 3 3 1600 0.622407)
1 5 4 1300 0.615145 738 448 459 283 0.665951 0.665464 0.222989 0.270542	(1 3 3 1600 0.622407)
1 5 4 1600 0.616183 749 439 468 272 0.66513 0.669348 0.225118 0.275177	(1 3 3 1600 0.622407)
1 5 4 2000 0.529564 1021 0 907 0 0.565857 0.692438 0 0	(1 3 3 1600 0.622407)
1 5 5 100 0.606328 766 403 504 255 0.658366 0.668704 0.204819 0.263132	(1 3 3 1600 0.622407)
1 5 5 400 0.612552 742 439 468 279 0.666275 0.665173 0.217587 0.267694	(1 3 3 1600 0.622407)
1 5 5 700 0.616701 740 449 458 281 0.668521 0.666967 0.226199 0.273527	(1 3 3 1600 0.622407)
1 5 5 1000 0.620332 738 458 449 283 0.668993 0.668478 0.233723 0.278512	(1 3 3 1600 0.622407)
1 5 5 1300 0.61722 733 457 450 288 0.667419 0.665154 0.227339 0.272164	(1 3 3 1600 0.622407)
1 5 5 1600 0.616701 741 448 459 280 0.667178 0.667267 0.226194 0.273818	(1 3 3 1600 0.622407)
1 5 5 2000 0.529564 1021 0 907 0 0.559162 0.692438 0 0	(1 3 3 1600 0.622407)
1 5 6 100 0.604772 763 403 504 258 0.655712 0.666958 0.201506 0.260165	(1 3 3 1600 0.622407)
1 5 6 400 0.612033 740 440 467 281 0.665438 0.664273 0.21652 0.266335	(1 3 3 1600 0.622407)
1 5 6 700 0.616183 737 451 456 284 0.667736 0.665763 0.225147 0.271834	(1 3 3 1600 0.622407)
1 5 6 1000 0.620332 741 455 452 280 0.668589 0.669377 0.233705 0.279419	(1 3 3 1600 0.622407)
1 5 6 1300 0.619295 742 452 455 279 0.667586 0.669071 0.231556 0.27811	(1 3 3 1600 0.622407)
1 5 6 1600 0.621369 750 448 459 271 0.66783 0.672646 0.235854 0.283527	(1 3 3 1600 0.622407)
1 5 6 2000 0.529564 1021 0 907 0 0.551079 0.692438 0 0	(1 3 3 1600 0.622407)
1 5 7 100 0.606846 761 409 498 260 0.651053 0.667544 0.205815 0.263107	(1 3 3 1600 0.622407)
1 5 7 400 0.612552 745 436 471 276 0.662454 0.666071 0.21758 0.2685	(1 3 3 1600 0.622407)
1 5 7 700 0.617739 744 447 460 277 0.665102 0.668764 0.228333 0.27627	(1 3 3 1600 0.622407)
1 5 7 1000 0.615664 746 441 466 275 0.666198 0.668159 0.224036 0.273594	(1 3 3 1600 0.622407)
1 5 7 1300 0.618257 753 439 468 268 0.665516 0.671722 0.229442 0.279406	(1 3 3 1600 0.622407)
1 5 7 1600 0.618776 754 439 468 267 0.666605 0.672314 0.230525 0.280458	(1 3 3 1600 0.622407)
1 5 7 2000 0.529564 1021 0 907 0 0.542825 0.692438 0 0	(1 3 3 1600 0.622407)
1 5 8 100 0.608921 768 406 501 253 0.644687 0.670742 0.210286 0.267588	(1 3 3 1600 0.622407)
1 5 8 400 0.615145 762 424 483 259 0.657558 0.672551 0.223118 0.276451	(1 3 3 1600 0.622407)
1 5 8 700 0.616701 751 438 469 270 0.660054 0.670237 0.226204 0.276485	(1 3 3 1600 0.622407)
1 5 8 1000 0.614108 764 420 487 257 0.661506 0.672535 0.221003 0.275181	(1 3 3 1600 0.622407)
1 5 8 1300 0.615664 770 417 490 251 0.661482 0.675142 0.224385 0.2787	(1 3 3 1600 0.622407)
1 5 8 1600 0.616183 773 415 492 248 0.662856 0.67629 0.225555 0.279998	(1 3 3 1600 0.622407)
1 5 8 2000 0.529564 1021 0 907 0 0.530471 0.692438 0 0	(1 3 3 1600 0.622407)
1 5 9 100 0.604253 769 396 511 252 0.637216 0.668405 0.200536 0.260268	(1 3 3 1600 0.622407)
1 5 9 400 0.606846 771 399 508 250 0.650667 0.670435 0.206022 0.264705	(1 3 3 1600 0.622407)
1 5 9 700 0.610477 772 405 502 249 0.653336 0.672767 0.213642 0.270676	(1 3 3 1600 0.622407)
1 5 9 1000 0.608921 778 396 511 243 0.65484 0.673593 0.210583 0.268927	(1 3 3 1600 0.622407)
1 5 9 1300 0.611515 784 395 512 237 0.655313 0.676737 0.21625 0.273756	(1 3 3 1600 0.622407)
1 5 9 1600 0.612552 788 393 514 233 0.656962 0.678433 0.218608 0.275791	(1 3 3 1600 0.622407)
1 5 9 2000 0.529564 1021 0 907 0 0.526022 0.692438 0 0	(1 3 3 1600 0.622407)
1 5 10 100 0.603216 771 392 515 250 0.629436 0.668401 0.198404 0.258877	(1 3 3 1600 0.622407)
1 5 10 400 0.603734 775 389 518 246 0.642389 0.669836 0.199602 0.260202	(1 3 3 1600 0.622407)
1 5 10 700 0.599585 772 384 523 249 0.64531 0.666667 0.19078 0.25317	(1 3 3 1600 0.622407)
1 5 10 1000 0.600622 783 375 532 238 0.646937 0.670377 0.193299 0.255906	(1 3 3 1600 0.622407)
1 5 10 1300 0.601141 793 366 541 228 0.647409 0.673461 0.194824 0.257281	(1 3 3 1600 0.622407)
1 5 10 1600 0.603216 798 365 542 223 0.649183 0.675985 0.19949 0.26083	(1 3 3 1600 0.622407)
1 5 10 2000 0.529564 1021 0 907 0 0.523687 0.692438 0 0	(1 3 3 1600 0.622407)
1 6 1 100 0.607884 772 400 507 249 0.658666 0.671304 0.208221 0.266508	(1 3 3 1600 0.622407)
1 6 1 400 0.614108 778 406 501 243 0.663248 0.676522 0.221415 0.277328	(1 3 3 1600 0.622407)
1 6 1 700 0.612552 790 391 516 231 0.662956 0.678986 0.218711 0.275935	(1 3 3 1600 0.622407)
1 6 1 1000 0.60944 808 367 540 213 0.659725 0.682144 0.213324 0.271225	(1 3 3 1600 0.622407)
1 6 1 1300 0.600622 857 301 606 164 0.655358 0.690016 0.199786 0.249513	(1 3 3 1600 0.622407)
1 6 1 1600 0.569502 962 136 771 59 0.648574 0.69862 0.152558 0.137521	(1 3 3 1600 0.622407)
1 6 1 2000 0.529564 1021 0 907 0 0.581709 0.692438 0 0	(1 3 3 1600 0.622407)
1 6 2 100 0.608921 772 402 505 249 0.659189 0.671889 0.210391 0.268175	(1 3 3 1600 0.622407)
1 6 2 400 0.612552 767 414 493 254 0.663515 0.672512 0.217834 0.273228	(1 3 3 1600 0.622407)
1 6 2 700 0.613071 775 407 500 246 0.66414 0.675087 0.219146 0.275266	(1 3 3 1600 0.622407)
1 6 2 1000 0.610996 782 396 511 239 0.661624 0.675886 0.215079 0.272719	(1 3 3 1600 0.622407)
1 6 2 1300 0.614627 799 386 521 222 0.658257 0.682614 0.223585 0.279824	(1 3 3 1600 0.622407)
1 6 2 1600 0.602697 837 325 582 184 0.655673 0.686066 0.201675 0.257189	(1 3 3 1600 0.622407)
1 6 2 2000 0.529564 1021 0 907 0 0.584291 0.692438 0 0	(1 3 3 1600 0.622407)
1 6 3 100 0.606846 766 404 503 255 0.659417 0.668996 0.205904 0.26396	(1 3 3 1600 0.622407)
1 6 3 400 0.610996 756 422 485 265 0.664387 0.668435 0.214403 0.268676	(1 3 3 1600 0.622407)
1 6 3 700 0.616701 764 425 482 257 0.66548 0.674019 0.226387 0.279307	(1 3 3 1600 0.622407)
1 6 3 1000 0.614108 760 424 483 261 0.663691 0.671378 0.220928 0.274413	(1 3 3 1600 0.622407)
1 6 3 1300 0.615145 768 418 489 253 0.66123 0.674276 0.223253 0.27754	(1 3 3 1600 0.622407)
1 6 3 1600 0.610477 779 398 509 242 0.659443 0.674751 0.213876 0.271561	(1 3 3 1600 0.622407)
1 6 3 2000 0.529564 1021 0 907 0 0.583718 0.692438 0 0	(1 3 3 1600 0.622407)
1 6 4 100 0.605809 762 406 501 259 0.659689 0.66725 0.203661 0.26164	(1 3 3 1600 0.622407)
1 6 4 400 0.612033 754 426 481 267 0.665338 0.66844 0.21654 0.269873	(1 3 3 1600 0.622407)
1 6 4 700 0.617739 756 435 472 265 0.666859 0.672299 0.2284 0.279289	(1 3 3 1600 0.622407)
1 6 4 1000 0.61722 751 439 468 270 0.665886 0.670536 0.227278 0.277296	(1 3 3 1600 0.622407)
1 6 4 1300 0.618257 749 443 464 272 0.663781 0.670546 0.229415 0.278412	(1 3 3 1600 0.622407)
1 6 4 1600 0.61722 757 433 474 264 0.662739 0.672291 0.227339 0.278695	(1 3 3 1600 0.622407)
1 6 4 2000 0.529564 1021 0 907 0 0.576722 0.692438 0 0	(1 3 3 1600 0.622407)
1 6 5 100 0.60529 762 405 502 259 0.659262 0.666958 0.202576 0.260817	(1 3 3 1600 0.622407)
1 6 5 400 0.613589 749 434 473 272 0.665871 0.667856 0.21974 0.271133	(1 3 3 1600 0.622407)
1 6 5 700 0.615145 745 441 466 276 0.668085 0.667563 0.22296 0.272523	(1 3 3 1600 0.622407)
1 6 5 1000 0.614627 738 447 460 283 0.667867 0.665164 0.221914 0.269745	(1 3 3 1600 0.622407)
1 6 5 1300 0.613071 735 447 460 286 0.66605 0.663357 0.218716 0.266454	(1 3 3 1600 0.622407)
1 6 5 1600 0.614627 747 438 469 274 0.66527 0.667859 0.221886 0.272243	(1 3 3 1600 0.622407)
1 6 5 2000 0.529564 1021 0 907 0 0.566777 0.692438 0 0	(1 3 3 1600 0.622407)
1 6 6 100 0.604253 765 400 507 256 0.65855 0.667248 0.200453 0.259667	(1 3 3 1600 0.622407)
1 6 6 400 0.614108 745 439 468 276 0.66638 0.666965 0.220809 0.270914	(1 3 3 1600 0.622407)
1 6 6 700 0.617739 744 447 460 277 0.668606 0.668764 0.228333 0.27627	(1 3 3 1600 0.622407)
1 6 6 1000 0.618776 738 455 452 283 0.669057 0.667571 0.230506 0.276121	(1 3 3 1600 0.622407)
1 6 6 1300 0.616183 734 454 453 287 0.667519 0.664855 0.225178 0.270901	(1 3 3 1600 0.622407)
1 6 6 1600 0.618776 747 446 461 274 0.667253 0.670256 0.230481 0.278696	(1 3 3 1600 0.622407)
1 6 6 2000 0.529564 1021 0 907 0 0.558992 0.692438 0 0	(1 3 3 1600 0.622407)
1 6 7 100 0.60529 768 399 508 253 0.656688 0.668698 0.202689 0.261783	(1 3 3 1600 0.622407)
1 6 7 400 0.612552 742 439 468 279 0.666097 0.665173 0.217587 0.267694	(1 3 3 1600 0.622407)
1 6 7 700 0.61722 742 448 459 279 0.668205 0.667867 0.227264 0.274905	(1 3 3 1600 0.622407)
1 6 7 1000 0.622407 743 457 450 278 0.669085 0.671183 0.237984 0.283211	(1 3 3 1600 0.622407)
1 6 7 1300 0.620332 741 455 452 280 0.66778 0.669377 0.233705 0.279419	(1 3 3 1600 0.622407)
1 6 7 1600 0.620332 750 446 461 271 0.667866 0.672043 0.233711 0.281907	(1 3 3 1600 0.622407)
1 6 7 2000 0.529564 1021 0 907 0 0.554209 0.692438 0 0	(1 3 3 1600 0.622407)
1 6 8 100 0.604253 764 401 506 257 0.653231 0.666958 0.200436 0.259506	(1 3 3 1600 0.622407)
1 6 8 400 0.615145 747 439 468 274 0.664175 0.668157 0.222962 0.27305	(1 3 3 1600 0.622407)
1 6 8 700 0.61722 743 447 460 278 0.666508 0.668165 0.227261 0.275188	(1 3 3 1600 0.622407)
1 6 8 1000 0.618257 747 445 462 274 0.667655 0.669955 0.229408 0.27789	(1 3 3 1600 0.622407)
1 6 8 1300 0.618257 748 444 463 273 0.666814 0.670251 0.229411 0.278153	(1 3 3 1600 0.622407)
1 6 8 1600 0.618776 754 439 468 267 0.66757 0.672314 0.230525 0.280458	(1 3 3 1600 0.622407)
1 6 8 2000 0.529564 1021 0 907 0 0.549354 0.692438 0 0	(1 3 3 1600 0.622407)
1 6 9 100 0.606846 764 406 501 257 0.648991 0.668416 0.205865 0.263631	(1 3 3 1600 0.622407)
1 6 9 400 0.614627 750 435 472 271 0.661249 0.668747 0.221897 0.272998	(1 3 3 1600 0.622407)
1 6 9 700 0.616701 746 443 464 275 0.663559 0.668758 0.226185 0.275205	(1 3 3 1600 0.622407)
1 6 9 1000 0.614108 753 431 476 268 0.664923 0.669333 0.220841 0.272901	(1 3 3 1600 0.622407)
1 6 9 1300 0.618257 764 428 479 257 0.664477 0.674912 0.229613 0.281782	(1 3 3 1600 0.622407)
1 6 9 1600 0.618776 765 428 479 256 0.665694 0.675497 0.23071 0.282798	(1 3 3 1600 0.622407)
1 6 9 2000 0.529564 1021 0 907 0 0.538326 0.692438 0 0	(1 3 3 1600 0.622407)
1 6 10 100 0.608921 768 406 501 253 0.64451 0.670742 0.210286 0.267588	(1 3 3 1600 0.622407)
1 6 10 400 0.611515 760 419 488 261 0.657507 0.669899 0.215535 0.270309	(1 3 3 1600 0.622407)
1 6 10 700 0.617739 755 436 471 266 0.659842 0.672007 0.228388 0.279061	(1 3 3 1600 0.622407)
1 6 10 1000 0.612552 765 416 491 256 0.661453 0.671937 0.217788 0.272885	(1 3 3 1600 0.622407)
1 6 10 1300 0.612552 771 410 497 250 0.661242 0.673657 0.21794 0.273863	(1 3 3 1600 0.622407)
1 6 10 1600 0.613071 770 412 495 251 0.663005 0.673666 0.218992 0.274542	(1 3 3 1600 0.622407)
1 6 10 2000 0.529564 1021 0 907 0 0.528125 0.692438 0 0	(1 3 3 1600 0.622407)
1 7 1 100 0.607365 772 399 508 249 0.658643 0.671013 0.207135 0.265674	(1 3 3 1600 0.622407)
1 7 1 400 0.614108 778 406 501 243 0.663211 0.676522 0.221415 0.277328	(1 3 3 1600 0.622407)
1 7 1 700 0.612552 792 389 518 229 0.6628 0.679537 0.218819 0.276063	(1 3 3 1600 0.622407)
1 7 1 1000 0.609959 815 361 546 206 0.659267 0.684299 0.214986 0.271886	(1 3 3 1600 0.622407)
1 7 1 1300 0.603734 872 292 615 149 0.654491 0.695375 0.209154 0.250984	(1 3 3 1600 0.622407)
1 7 1 1600 0.556017 986 86 821 35 0.645665 0.697313 0.124587 0.0902449	(1 3 3 1600 0.622407)
1 7 1 2000 0.529564 1021 0 907 0 0.581419 0.692438 0 0	(1 3 3 1600 0.622407)
1 7 2 100 0.608921 772 402 505 249 0.659034 0.671889 0.210391 0.268175	(1 3 3 1600 0.622407)
1 7 2 400 0.612552 769 412 495 252 0.66325 0.673085 0.217884 0.273554	(1 3 3 1600 0.622407)
1 7 2 700 0.612033 780 400 507 241 0.663632 0.67591 0.217166 0.274197	(1 3 3 1600 0.622407)
1 7 2 1000 0.610996 790 388 519 231 0.660812 0.678112 0.215453 0.273376	(1 3 3 1600 0.622407)
1 7 2 1300 0.609959 813 363 544 208 0.65725 0.683768 0.214817 0.271968	(1 3 3 1600 0.622407)
1 7 2 1600 0.600622 866 292 615 155 0.654043 0.692246 0.201216 0.247122	(1 3 3 1600 0.622407)
1 7 2 2000 0.529564 1021 0 907 0 0.583591 0.692438 0 0	(1 3 3 1600 0.622407)
1 7 3 100 0.607884 767 405 502 254 0.659259 0.669869 0.208095 0.265774	(1 3 3 1600 0.622407)
1 7 3 400 0.612552 763 418 489 258 0.663989 0.671359 0.217747 0.272524	(1 3 3 1600 0.622407)
1 7 3 700 0.616183 770 418 489 251 0.664776 0.675439 0.225463 0.279531	(1 3 3 1600 0.622407)
1 7 3 1000 0.613071 769 413 494 252 0.66254 0.67338 0.218964 0.274385	(1 3 3 1600 0.622407)
1 7 3 1300 0.612033 779 401 506 242 0.659687 0.675629 0.217127 0.274084	(1 3 3 1600 0.622407)
1 7 3 1600 0.612552 803 378 529 218 0.657701 0.682533 0.219511 0.276455	(1 3 3 1600 0.622407)
1 7 3 2000 0.529564 1021 0 907 0 0.582601 0.692438 0 0	(1 3 3 1600 0.622407)
1 7 4 100 0.607365 765 406 501 256 0.659457 0.668999 0.206969 0.264624	(1 3 3 1600 0.622407)
1 7 4 400 0.611515 755 424 483 266 0.664701 0.668437 0.215471 0.269278	(1 3 3 1600 0.622407)
1 7 4 700 0.618257 761 431 476 260 0.666 0.674048 0.229552 0.281186	(1 3 3 1600 0.622407)
1 7 4 1000 0.616701 756 433 474 265 0.664535 0.671701 0.226251 0.277657	(1 3 3 1600 0.622407)
1 7 4 1300 0.614108 755 429 478 266 0.66215 0.66992 0.22086 0.273354	(1 3 3 1600 0.622407)
1 7 4 1600 0.611515 767 412 495 254 0.660687 0.671923 0.215673 0.271572	(1 3 3 1600 0.622407)
1 7 4 2000 0.529564 1021 0 907 0 0.58279 0.692438 0 0	(1 3 3 1600 0.622407)
1 7 5 100 0.605809 763 405 502 258 0.659678 0.667542 0.203678 0.261813	(1 3 3 1600 0.622407)
1 7 5 400 0.612033 751 429 478 270 0.665303 0.667556 0.216518 0.269186	(1 3 3 1600 0.622407)
1 7 5 700 0.616183 753 435 472 268 0.667089 0.670525 0.225144 0.276153	(1 3 3 1600 0.622407)
1 7 5 1000 0.615664 745 442 465 276 0.66628 0.667862 0.224035 0.273327	(1 3 3 1600 0.622407)
1 7 5 1300 0.617739 745 446 461 276 0.664273 0.669062 0.228332 0.276545	(1 3 3 1600 0.622407)
1 7 5 1600 0.615664 751 436 471 270 0.663221 0.669639 0.224054 0.274863	(1 3 3 1600 0.622407)
1 7 5 2000 0.529564 1021 0 907 0 0.574228 0.692438 0 0	(1 3 3 1600 0.622407)
1 7 6 100 0.604772 763 403 504 258 0.659337 0.666958 0.201506 0.260165	(1 3 3 1600 0.622407)
1 7 6 400 0.613589 749 434 473 272 0.666003 0.667856 0.21974 0.271133	(1 3 3 1600 0.622407)
1 7 6 700 0.614627 745 440 467 276 0.66822 0.667264 0.221885 0.271718	(1 3 3 1600 0.622407)
1 7 6 1000 0.615145 740 446 461 281 0.668112 0.666067 0.222975 0.27113	(1 3 3 1600 0.622407)
1 7 6 1300 0.612033 735 445 462 286 0.666225 0.662759 0.216564 0.264867	(1 3 3 1600 0.622407)
1 7 6 1600 0.613071 747 435 472 274 0.665491 0.666964 0.218658 0.269823	(1 3 3 1600 0.622407)
1 7 6 2000 0.529564 1021 0 907 0 0.5657 0.692438 0 0	(1 3 3 1600 0.622407)
1 7 7 100 0.604253 766 399 508 255 0.658715 0.667538 0.200472 0.259824	(1 3 3 1600 0.622407)
1 7 7 400 0.613589 747 436 471 274 0.666418 0.667262 0.219734 0.27063	(1 3 3 1600 0.622407)
1 7 7 700 0.617739 745 446 461 276 0.668639 0.669062 0.228332 0.276545	(1 3 3 1600 0.622407)
1 7 7 1000 0.618257 739 453 454 282 0.668922 0.66757 0.229426 0.275626	(1 3 3 1600 0.622407)
1 7 7 1300 0.615664 734 453 454 287 0.667439 0.664554 0.224104 0.270108	(1 3 3 1600 0.622407)
1 7 7 1600 0.617739 746 445 462 275 0.667049 0.669358 0.228333 0.276816	(1 3 3 1600 0.622407)
1 7 7 2000 0.529564 1021 0 907 0 0.559545 0.692438 0 0	(1 3 3 1600 0.622407)
1 7 8 100 0.605809 770 398 509 251 0.657313 0.669565 0.203823 0.262901	(1 3 3 1600 0.622407)
1 7 8 400 0.613071 744 438 469 277 0.666287 0.66607 0.218658 0.269039	(1 3 3 1600 0.622407)
1 7 8 700 0.615664 744 443 464 277 0.66837 0.667564 0.224036 0.273056	(1 3 3 1600 0.622407)
1 7 8 1000 0.621369 741 457 450 280 0.669045 0.669982 0.235848 0.281019	(1 3 3 1600 0.622407)
1 7 8 1300 0.619813 741 454 453 280 0.667798 0.669074 0.232633 0.278619	(1 3 3 1600 0.622407)
1 7 8 1600 0.618776 749 444 463 272 0.667757 0.670846 0.230488 0.279221	(1 3 3 1600 0.622407)
1 7 8 2000 0.529564 1021 0 907 0 0.556832 0.692438 0 0	(1 3 3 1600 0.622407)
1 7 9 100 0.60529 766 401 506 255 0.654853 0.66812 0.202647 0.261478	(1 3 3 1600 0.622407)
1 7 9 400 0.613071 744 438 469 277 0.665263 0.66607 0.218658 0.269039	(1 3 3 1600 0.622407)
1 7 9 700 0.614108 741 443 464 280 0.667462 0.665768 0.22082 0.269817	(1 3 3 1600 0.622407)
1 7 9 1000 0.617739 744 447 460 277 0.668456 0.668764 0.228333 0.27627	(1 3 3 1600 0.622407)
1 7 9 1300 0.618776 745 448 459 276 0.667482 0.669663 0.230479 0.278154	(1 3 3 1600 0.622407)
1 7 9 1600 0.617739 750 441 466 271 0.66792 0.670541 0.228346 0.277857	(1 3 3 1600 0.622407)
1 7 9 2000 0.529564 1021 0 907 0 0.548012 0.692438 0 0	(1 3 3 1600 0.622407)
1 7 10 100 0.60529 762 405 502 259 0.652203 0.666958 0.202576 0.260817	(1 3 3 1600 0.622407)
1 7 10 400 0.611515 744 435 472 277 0.663499 0.665177 0.215427 0.266629	(1 3 3 1600 0.622407)
1 7 10 700 0.61722 745 445 462 276 0.665941 0.668761 0.227258 0.275741	(1 3 3 1600 0.622407)
1 7 10 1000 0.617739 749 442 465 272 0.667254 0.670246 0.228341 0.277604	(1 3 3 1600 0.622407)
1 7 10 1300 0.618257 752 440 467 269 0.666329 0.671429 0.229433 0.279164	(1 3 3 1600 0.622407)
1 7 10 1600 0.619295 754 440 467 267 0.667311 0.672614 0.231598 0.281272	(1 3 3 1600 0.622407)
1 7 10 2000 0.529564 1021 0 907 0 0.546843 0.692438 0 0	(1 3 3 1600 0.622407)
1 8 1 100 0.607365 772 399 508 249 0.658636 0.671013 0.207135 0.265674	(1 3 3 1600 0.622407)
1 8 1 400 0.615145 781 405 502 240 0.663199 0.677951 0.223696 0.279365	(1 3 3 1600 0.622407)
1 8 1 700 0.612033 793 387 520 228 0.662723 0.67952 0.217789 0.275264	(1 3 3 1600 0.622407)
1 8 1 1000 0.608921 817 357 550 204 0.658938 0.684255 0.212965 0.270022	(1 3 3 1600 0.622407)
1 8 1 1300 0.602697 880 282 625 141 0.653852 0.696754 0.20843 0.246509	(1 3 3 1600 0.622407)
1 8 1 1600 0.546162 1002 51 856 19 0.642944 0.696075 0.100384 0.0547931	(1 3 3 1600 0.622407)
1 8 1 2000 0.529564 1021 0 907 0 0.57828 0.692438 0 0	(1 3 3 1600 0.622407)
1 8 2 100 0.60944 773 402 505 248 0.658988 0.672466 0.211504 0.269146	(1 3 3 1600 0.622407)
1 8 2 400 0.614108 773 411 496 248 0.663043 0.675109 0.221241 0.276659	(1 3 3 1600 0.622407)
1 8 2 700 0.612033 783 397 510 238 0.663294 0.67675 0.21729 0.274508	(1 3 3 1600 0.622407)
1 8 2 1000 0.609959 797 379 528 224 0.660245 0.679454 0.213669 0.272002	(1 3 3 1600 0.622407)
1 8 2 1300 0.600622 823 335 572 198 0.656461 0.681291 0.195772 0.255388	(1 3 3 1600 0.622407)
1 8 2 1600 0.59388 893 252 655 128 0.652573 0.695212 0.191306 0.225315	(1 3 3 1600 0.622407)
1 8 2 2000 0.529564 1021 0 907 0 0.585453 0.692438 0 0	(1 3 3 1600 0.622407)
1 8 3 100 0.60944 771 404 503 250 0.65918 0.671895 0.211447 0.268868	(1 3 3 1600 0.622407)
1 8 3 400 0.612552 766 415 492 255 0.663698 0.672225 0.21781 0.273058	(1 3 3 1600 0.622407)
1 8 3 700 0.615145 774 412 495 247 0.664232 0.675983 0.223431 0.278473	(1 3 3 1600 0.622407)
1 8 3 1000 0.610477 776 401 506 245 0.661784 0.673904 0.213768 0.271208	(1 3 3 1600 0.622407)
1 8 3 1300 0.612552 791 390 517 230 0.65868 0.679261 0.218764 0.276001	(1 3 3 1600 0.622407)
1 8 3 1600 0.600104 821 336 571 200 0.656328 0.680481 0.194479 0.254691	(1 3 3 1600 0.622407)
1 8 3 2000 0.529564 1021 0 907 0 0.583911 0.692438 0 0	(1 3 3 1600 0.622407)
1 8 4 100 0.605809 766 402 505 255 0.659367 0.668412 0.203733 0.262305	(1 3 3 1600 0.622407)
1 8 4 400 0.612033 757 423 484 264 0.664243 0.669319 0.216572 0.270521	(1 3 3 1600 0.622407)
1 8 4 700 0.616701 766 423 484 255 0.66522 0.674593 0.226433 0.279676	(1 3 3 1600 0.622407)
1 8 4 1000 0.613071 760 422 485 261 0.663256 0.670786 0.218772 0.272771	(1 3 3 1600 0.622407)
1 8 4 1300 0.613589 772 411 496 249 0.660714 0.67453 0.22013 0.275678	(1 3 3 1600 0.622407)
1 8 4 1600 0.611515 784 395 512 237 0.658992 0.676737 0.21625 0.273756	(1 3 3 1600 0.622407)
1 8 4 2000 0.529564 1021 0 907 0 0.584317 0.692438 0 0	(1 3 3 1600 0.622407)
1 8 5 100 0.606846 764 406 501 257 0.659512 0.668416 0.205865 0.263631	(1 3 3 1600 0.622407)
1 8 5 400 0.610477 753 424 483 268 0.6648 0.667257 0.213295 0.267209	(1 3 3 1600 0.622407)
1 8 5 700 0.617739 758 433 474 263 0.666233 0.672881 0.228428 0.279732	(1 3 3 1600 0.622407)
1 8 5 1000 0.619813 756 439 468 265 0.665088 0.673497 0.232694 0.282555	(1 3 3 1600 0.622407)
1 8 5 1300 0.615664 752 435 472 269 0.662868 0.669933 0.224061 0.275104	(1 3 3 1600 0.622407)
1 8 5 1600 0.612552 761 420 487 260 0.661547 0.67078 0.21771 0.272146	(1 3 3 1600 0.622407)
1 8 5 2000 0.529564 1021 0 907 0 0.583585 0.692438 0 0	(1 3 3 1600 0.622407)
1 8 6 100 0.605809 762 406 501 259 0.659749 0.66725 0.203661 0.26164	(1 3 3 1600 0.622407)
1 8 6 400 0.614627 754 431 476 267 0.665583 0.669924 0.221927 0.273944	(1 3 3 1600 0.622407)
1 8 6 700 0.618257 754 438 469 267 0.6674 0.672014 0.229452 0.279643	(1 3 3 1600 0.622407)
1 8 6 1000 0.61722 747 443 464 274 0.666735 0.669355 0.227261 0.276276	(1 3 3 1600 0.622407)
1 8 6 1300 0.61722 744 446 461 277 0.664688 0.668464 0.227259 0.275467	(1 3 3 1600 0.622407)
1 8 6 1600 0.616701 752 437 470 269 0.663754 0.670531 0.226211 0.276728	(1 3 3 1600 0.622407)
1 8 6 2000 0.529564 1021 0 907 0 0.570375 0.692438 0 0	(1 3 3 1600 0.622407)
1 8 7 100 0.604772 763 403 504 258 0.659363 0.666958 0.201506 0.260165	(1 3 3 1600 0.622407)
1 8 7 400 0.613589 749 434 473 272 0.666077 0.667856 0.21974 0.271133	(1 3 3 1600 0.622407)
1 8 7 700 0.616701 749 440 467 272 0.668189 0.669647 0.226193 0.275986	(1 3 3 1600 0.622407)
1 8 7 1000 0.615145 741 445 462 280 0.668097 0.666367 0.22297 0.271417	(1 3 3 1600 0.622407)
1 8 7 1300 0.611515 736 443 464 285 0.666267 0.662765 0.215476 0.264374	(1 3 3 1600 0.622407)
1 8 7 1600 0.613589 748 435 472 273 0.665503 0.667559 0.219737 0.270884	(1 3 3 1600 0.622407)
1 8 7 2000 0.529564 1021 0 907 0 0.564556 0.692438 0 0	(1 3 3 1600 0.622407)
1 8 8 100 0.60529 767 400 507 254 0.658733 0.66841 0.202667 0.261633	(1 3 3 1600 0.622407)
1 8 8 400 0.615145 750 436 471 271 0.666266 0.669045 0.222973 0.273808	(1 3 3 1600 0.622407)
1 8 8 700 0.61722 746 444 463 275 0.668492 0.669058 0.227259 0.276011	(1 3 3 1600 0.622407)
1 8 8 1000 0.618257 741 451 456 280 0.668863 0.66817 0.229415 0.276218	(1 3 3 1600 0.622407)
1 8 8 1300 0.616701 737 452 455 284 0.667273 0.666064 0.226221 0.27263	(1 3 3 1600 0.622407)
1 8 8 1600 0.61722 748 442 465 273 0.666913 0.669651 0.227263 0.276538	(1 3 3 1600 0.622407)
1 8 8 2000 0.529564 1021 0 907 0 0.559617 0.692438 0 0	(1 3 3 1600 0.622407)
1 8 9 100 0.60529 771 396 511 250 0.65786 0.669561 0.20276 0.262207	(1 3 3 1600 0.622407)
1 8 9 400 0.614108 747 437 470 274 0.666453 0.66756 0.220811 0.271437	(1 3 3 1600 0.622407)
1 8 9 700 0.619295 749 445 462 272 0.668582 0.671147 0.231561 0.28003	(1 3 3 1600 0.622407)
1 8 9 1000 0.620332 742 454 453 279 0.66924 0.669675 0.233701 0.279713	(1 3 3 1600 0.622407)
1 8 9 1300 0.620851 742 455 452 279 0.667777 0.669977 0.234773 0.280514	(1 3 3 1600 0.622407)
1 8 9 1600 0.619295 750 444 463 271 0.667651 0.671441 0.231566 0.280287	(1 3 3 1600 0.622407)
1 8 9 2000 0.529564 1021 0 907 0 0.557394 0.692438 0 0	(1 3 3 1600 0.622407)
1 8 10 100 0.606328 770 399 508 251 0.656231 0.669856 0.20491 0.263733	(1 3 3 1600 0.622407)
1 8 10 400 0.613071 744 438 469 277 0.665912 0.66607 0.218658 0.269039	(1 3 3 1600 0.622407)
1 8 10 700 0.61722 741 449 458 280 0.668243 0.667568 0.227268 0.274618	(1 3 3 1600 0.622407)
1 8 10 1000 0.622925 746 455 452 275 0.669079 0.672375 0.239053 0.284872	(1 8 10 1000 0.622925)
1 8 10 1300 0.620332 745 451 456 276 0.668023 0.670567 0.233696 0.280568	(1 8 10 1000 0.622925)
1 8 10 1600 0.619813 751 444 463 270 0.668292 0.672036 0.232645 0.281351	(1 8 10 1000 0.622925)
1 8 10 2000 0.529564 1021 0 907 0 0.553022 0.692438 0 0	(1 8 10 1000 0.622925)
1 9 1 100 0.607884 772 400 507 249 0.658604 0.671304 0.208221 0.266508	(1 8 10 1000 0.622925)
1 9 1 400 0.615145 781 405 502 240 0.663195 0.677951 0.223696 0.279365	(1 8 10 1000 0.622925)
1 9 1 700 0.609959 793 383 524 228 0.662682 0.678358 0.213437 0.271838	(1 8 10 1000 0.622925)
1 9 1 1000 0.608921 821 353 554 200 0.658753 0.685309 0.213331 0.269763	(1 8 10 1000 0.622925)
1 9 1 1300 0.60529 891 276 631 130 0.653304 0.700747 0.216648 0.247305	(1 8 10 1000 0.622925)
1 9 1 1600 0.542531 1014 32 875 7 0.640383 0.696907 0.100779 0.0349863	(1 8 10 1000 0.622925)
1 9 1 2000 0.529564 1021 0 907 0 0.569418 0.692438 0 0	(1 8 10 1000 0.622925)
1 9 2 100 0.609959 773 403 504 248 0.658954 0.672759 0.212588 0.269981	(1 8 10 1000 0.622925)
1 9 2 400 0.614108 774 410 497 247 0.662966 0.675393 0.221273 0.276801	(1 8 10 1000 0.622925)
1 9 2 700 0.613589 788 395 512 233 0.662975 0.679018 0.220776 0.277492	(1 8 10 1000 0.622925)
1 9 2 1000 0.611515 803 376 531 218 0.659835 0.681953 0.217331 0.27472	(1 8 10 1000 0.622925)
1 9 2 1300 0.600622 832 326 581 189 0.655914 0.683648 0.196641 0.254319	(1 8 10 1000 0.622925)
1 9 2 1600 0.587656 927 206 701 94 0.651061 0.699887 0.18597 0.19667	(1 8 10 1000 0.622925)
1 9 2 2000 0.529564 1021 0 907 0 0.586065 0.692438 0 0	(1 8 10 1000 0.622925)
1 9 3 100 0.608921 771 403 504 250 0.659055 0.671603 0.210363 0.268035	(1 8 10 1000 0.622925)
1 9 3 400 0.611515 767 412 495 254 0.663413 0.671923 0.215673 0.271572	(1 8 10 1000 0.622925)
1 9 3 700 0.612552 777 404 503 244 0.663882 0.675359 0.218135 0.274686	(1 8 10 1000 0.622925)
1 9 3 1000 0.611515 783 396 511 238 0.661267 0.676458 0.216206 0.273662	(1 8 10 1000 0.622925)
1 9 3 1300 0.614627 804 381 526 217 0.657844 0.683964 0.223934 0.279937	(1 8 10 1000 0.622925)
1 9 3 1600 0.601141 846 313 594 175 0.655065 0.687525 0.199392 0.252874	(1 8 10 1000 0.622925)
1 9 3 2000 0.529564 1021 0 907 0 0.584941 0.692438 0 0	(1 8 10 1000 0.622925)
1 9 4 100 0.608402 768 405 502 253 0.659203 0.67045 0.209202 0.266759	(1 8 10 1000 0.622925)
1 9 4 400 0.612033 762 418 489 259 0.663953 0.670775 0.216649 0.271514	(1 8 10 1000 0.622925)
1 9 4 700 0.616701 771 418 489 250 0.664687 0.676019 0.226569 0.280524	(1 8 10 1000 0.622925)
1 9 4 1000 0.611515 768 411 496 253 0.662486 0.67221 0.215697 0.271735	(1 8 10 1000 0.622925)
1 9 4 1300 0.611515 779 400 507 242 0.659658 0.675336 0.216044 0.273243	(1 8 10 1000 0.622925)
1 9 4 1600 0.612552 803 378 529 218 0.657621 0.682533 0.219511 0.276455	(1 8 10 1000 0.622925)
1 9 4 2000 0.529564 1021 0 907 0 0.583166 0.692438 0 0	(1 8 10 1000 0.622925)
1 9 5 100 0.605809 764 404 503 257 0.659419 0.667832 0.203695 0.261981	(1 8 10 1000 0.622925)
1 9 5 400 0.611515 756 423 484 265 0.66442 0.668731 0.215482 0.269493	(1 8 10 1000 0.622925)
1 9 5 700 0.61722 763 427 480 258 0.665618 0.674028 0.227442 0.279939	(1 8 10 1000 0.622925)
1 9 5 1000 0.615145 757 429 478 264 0.664036 0.671099 0.223037 0.275426	(1 8 10 1000 0.622925)
1 9 5 1300 0.614108 762 422 485 259 0.66159 0.671958 0.220963 0.274806	(1 8 10 1000 0.622925)
1 9 5 1600 0.613071 776 406 501 245 0.65995 0.67537 0.21918 0.275397	(1 8 10 1000 0.622925)
1 9 5 2000 0.529564 1021 0 907 0 0.583789 0.692438 0 0	(1 8 10 1000 0.622925)
1 9 6 100 0.605809 762 406 501 259 0.659697 0.66725 0.203661 0.26164	(1 8 10 1000 0.622925)
1 9 6 400 0.610477 752 425 482 269 0.665025 0.666962 0.213288 0.266983	(1 8 10 1000 0.622925)
1 9 6 700 0.618257 757 435 472 264 0.666467 0.672889 0.229488 0.28033	(1 8 10 1000 0.622925)
1 9 6 1000 0.61722 752 438 469 269 0.665495 0.67083 0.227285 0.27754	(1 8 10 1000 0.622925)
1 9 6 1300 0.61722 751 439 468 270 0.663421 0.670536 0.227278 0.277296	(1 8 10 1000 0.622925)
1 9 6 1600 0.614627 759 426 481 262 0.662175 0.671384 0.221989 0.275029	(1 8 10 1000 0.622925)
1 9 6 2000 0.529564 1021 0 907 0 0.579154 0.692438 0 0	(1 8 10 1000 0.622925)
1 9 7 100 0.604772 761 405 502 260 0.659814 0.666375 0.201475 0.259819	(1 8 10 1000 0.622925)
1 9 7 400 0.613589 752 431 476 269 0.665694 0.668742 0.219757 0.271856	(1 8 10 1000 0.622925)
1 9 7 700 0.61722 753 437 470 268 0.66752 0.671123 0.227294 0.27778	(1 8 10 1000 0.622925)
1 9 7 1000 0.616183 746 442 465 275 0.666865 0.668459 0.22511 0.2744	(1 8 10 1000 0.622925)
1 9 7 1300 0.61722 744 446 461 277 0.664886 0.668464 0.227259 0.275467	(1 8 10 1000 0.622925)
1 9 7 1600 0.616701 751 438 469 270 0.663974 0.670237 0.226204 0.276485	(1 8 10 1000 0.622925)
1 9 7 2000 0.529564 1021 0 907 0 0.572122 0.692438 0 0	(1 8 10 1000 0.622925)
1 9 8 100 0.603734 763 401 506 258 0.659352 0.666376 0.199332 0.258517	(1 8 10 1000 0.622925)
1 9 8 400 0.613589 749 434 473 272 0.666018 0.667856 0.21974 0.271133	(1 8 10 1000 0.622925)
1 9 8 700 0.616701 750 439 468 271 0.66817 0.669942 0.226198 0.276238	(1 8 10 1000 0.622925)
1 9 8 1000 0.615145 741 445 462 280 0.668089 0.666367 0.22297 0.271417	(1 8 10 1000 0.622925)
1 9 8 1300 0.613071 739 443 464 282 0.666189 0.664568 0.21868 0.267646	(1 8 10 1000 0.622925)
1 9 8 1600 0.613589 750 433 474 271 0.665457 0.668151 0.219744 0.271378	(1 8 10 1000 0.622925)
1 9 8 2000 0.529564 1021 0 907 0 0.564563 0.692438 0 0	(1 8 10 1000 0.622925)
1 9 9 100 0.605809 767 401 506 254 0.658846 0.668701 0.203754 0.262461	(1 8 10 1000 0.622925)
1 9 9 400 0.614108 750 434 473 271 0.666284 0.668449 0.220821 0.272188	(1 8 10 1000 0.622925)
1 9 9 700 0.616183 746 442 465 275 0.668527 0.668459 0.22511 0.2744	(1 8 10 1000 0.622925)
1 9 9 1000 0.617739 741 450 457 280 0.66883 0.667868 0.228341 0.275418	(1 8 10 1000 0.622925)
1 9 9 1300 0.616183 736 452 455 285 0.667252 0.665461 0.225156 0.271527	(1 8 10 1000 0.622925)
1 9 9 1600 0.616701 749 440 467 272 0.666718 0.669647 0.226193 0.275986	(1 8 10 1000 0.622925)
1 9 9 2000 0.529564 1021 0 907 0 0.559762 0.692438 0 0	(1 8 10 1000 0.622925)
1 9 10 100 0.606328 769 400 507 252 0.658306 0.669569 0.204885 0.263589	(1 8 10 1000 0.622925)
1 9 10 400 0.614108 744 440 467 277 0.666562 0.666667 0.22081 0.270646	(1 8 10 1000 0.622925)
1 9 10 700 0.618776 746 447 460 275 0.668722 0.66996 0.230479 0.278428	(1 8 10 1000 0.622925)
1 9 10 1000 0.620332 742 454 453 279 0.669304 0.669675 0.233701 0.279713	(1 8 10 1000 0.622925)
1 9 10 1300 0.620332 740 456 451 281 0.667865 0.669078 0.23371 0.279121	(1 8 10 1000 0.622925)
1 9 10 1600 0.618257 748 444 463 273 0.667739 0.670251 0.229411 0.278153	(1 8 10 1000 0.622925)
1 9 10 2000 0.529564 1021 0 907 0 0.558768 0.692438 0 0	(1 8 10 1000 0.622925)
1 10 1 100 0.607365 772 399 508 249 0.658592 0.671013 0.207135 0.265674	(1 8 10 1000 0.622925)
1 10 1 400 0.615664 783 404 503 238 0.663184 0.678804 0.224863 0.280426	(1 8 10 1000 0.622925)
1 10 1 700 0.60944 793 382 525 228 0.662601 0.678068 0.212348 0.270982	(1 8 10 1000 0.622925)
1 10 1 1000 0.608402 822 351 556 199 0.658562 0.685286 0.212324 0.2688	(1 8 10 1000 0.622925)
1 10 1 1300 0.602178 892 269 638 129 0.652835 0.699334 0.209932 0.24114	(1 8 10 1000 0.622925)
1 10 1 1600 0.536307 1015 19 888 6 0.63803 0.694254 0.0664946 0.0207862	(1 8 10 1000 0.622925)
1 10 1 2000 0.529564 1021 0 907 0 0.564439 0.692438 0 0	(1 8 10 1000 0.622925)
1 10 2 100 0.609959 773 403 504 248 0.658917 0.672759 0.212588 0.269981	(1 8 10 1000 0.622925)
1 10 2 400 0.613589 775 408 499 246 0.662849 0.675381 0.220227 0.276103	(1 8 10 1000 0.622925)
1 10 2 700 0.612033 789 391 516 232 0.662792 0.678418 0.217574 0.275013	(1 8 10 1000 0.622925)
1 10 2 1000 0.611515 807 372 535 214 0.659533 0.68303 0.217622 0.274725	(1 8 10 1000 0.622925)
1 10 2 1300 0.603216 845 318 589 176 0.655361 0.688391 0.203775 0.256719	(1 8 10 1000 0.622925)
1 10 2 1600 0.580913 944 176 731 77 0.649308 0.700297 0.175365 0.17301	(1 8 10 1000 0.622925)
1 10 2 2000 0.529564 1021 0 907 0 0.584342 0.692438 0 0	(1 8 10 1000 0.622925)
1 10 3 100 0.608402 771 402 505 250 0.658959 0.67131 0.209278 0.267202	(1 8 10 1000 0.622925)
1 10 3 400 0.612033 768 412 495 253 0.663246 0.672504 0.216778 0.272564	(1 8 10 1000 0.622925)
1 10 3 700 0.611515 778 401 506 243 0.6636 0.675054 0.216006 0.273128	(1 8 10 1000 0.622925)
1 10 3 1000 0.610996 789 389 518 232 0.660821 0.677835 0.215402 0.273309	(1 8 10 1000 0.622925)
1 10 3 1300 0.609959 813 363 544 208 0.657126 0.683768 0.214817 0.271968	(1 8 10 1000 0.622925)
1 10 3 1600 0.60166 869 291 616 152 0.654005 0.693536 0.204028 0.248125	(1 8 10 1000 0.622925)
1 10 3 2000 0.529564 1021 0 907 0 0.583743 0.692438 0 0	(1 8 10 1000 0.622925)
1 10 4 100 0.608402 770 403 504 251 0.659058 0.671024 0.209252 0.267059	(1 8 10 1000 0.622925)
1 10 4 400 0.613589 766 417 490 255 0.663727 0.672815 0.219969 0.274713	(1 8 10 1000 0.622925)
1 10 4 700 0.615145 771 415 492 250 0.664342 0.675131 0.223337 0.278026	(1 8 10 1000 0.622925)
1 10 4 1000 0.611515 775 404 503 246 0.661889 0.674206 0.215901 0.272755	(1 8 10 1000 0.622925)
1 10 4 1300 0.612033 787 393 514 234 0.65882 0.677864 0.217474 0.274862	(1 8 10 1000 0.622925)
1 10 4 1600 0.606846 819 351 556 202 0.65656 0.683639 0.208736 0.266363	(1 8 10 1000 0.622925)
1 10 4 2000 0.529564 1021 0 907 0 0.584139 0.692438 0 0	(1 8 10 1000 0.622925)
1 10 5 100 0.606846 767 403 504 254 0.659375 0.669284 0.205926 0.264117	(1 8 10 1000 0.622925)
1 10 5 400 0.612033 757 423 484 264 0.664152 0.669319 0.216572 0.270521	(1 8 10 1000 0.622925)
1 10 5 700 0.616701 766 423 484 255 0.66503 0.674593 0.226433 0.279676	(1 8 10 1000 0.622925)
1 10 5 1000 0.610996 760 418 489 261 0.663114 0.669604 0.214456 0.269488	(1 8 10 1000 0.622925)
1 10 5 1300 0.612033 771 409 498 250 0.660458 0.673362 0.216859 0.27303	(1 8 10 1000 0.622925)
1 10 5 1600 0.612033 787 393 514 234 0.658704 0.677864 0.217474 0.274862	(1 8 10 1000 0.622925)
1 10 5 2000 0.529564 1021 0 907 0 0.584259 0.692438 0 0	(1 8 10 1000 0.622925)
1 10 6 100 0.604772 762 404 503 259 0.659566 0.666667 0.20149 0.259994	(1 8 10 1000 0.622925)
1 10 6 400 0.612033 756 424 483 265 0.664684 0.669027 0.216561 0.270309	(1 8 10 1000 0.622925)
1 10 6 700 0.617739 760 431 476 261 0.665977 0.67346 0.22846 0.280157	(1 8 10 1000 0.622925)
1 10 6 1000 0.61722 756 434 473 265 0.664583 0.672 0.227326 0.278473	(1 8 10 1000 0.622925)
1 10 6 1300 0.615145 756 430 477 265 0.662294 0.670807 0.223025 0.275207	(1 8 10 1000 0.622925)
1 10 6 1600 0.610996 766 412 495 255 0.660796 0.671341 0.214569 0.270577	(1 8 10 1000 0.622925)
1 10 6 2000 0.529564 1021 0 907 0 0.583214 0.692438 0 0	(1 8 10 1000 0.622925)
1 10 7 100 0.604772 761 405 502 260 0.659879 0.666375 0.201475 0.259819	(1 8 10 1000 0.622925)
1 10 7 400 0.612033 753 427 480 268 0.665309 0.668146 0.216532 0.269648	(1 8 10 1000 0.622925)
1 10 7 700 0.618776 755 438 469 266 0.666676 0.672606 0.230536 0.280692	(1 8 10 1000 0.622925)
1 10 7 1000 0.616701 750 439 468 271 0.665796 0.669942 0.226198 0.276238	(1 8 10 1000 0.622925)
1 10 7 1300 0.616701 748 441 466 273 0.663615 0.669351 0.226189 0.27573	(1 8 10 1000 0.622925)
1 10 7 1600 0.616701 757 432 475 264 0.662476 0.671993 0.226264 0.277878	(1 8 10 1000 0.622925)
1 10 7 2000 0.529564 1021 0 907 0 0.575416 0.692438 0 0	(1 8 10 1000 0.622925)
1 10 8 100 0.604772 762 404 503 259 0.659843 0.666667 0.20149 0.259994	(1 8 10 1000 0.622925)
1 10 8 400 0.614108 753 431 476 268 0.665691 0.669333 0.220841 0.272901	(1 8 10 1000 0.622925)
1 10 8 700 0.618257 755 437 470 266 0.667551 0.672306 0.229462 0.279877	(1 8 10 1000 0.622925)
1 10 8 1000 0.616701 746 443 464 275 0.666941 0.668758 0.226185 0.275205	(1 8 10 1000 0.622925)
1 10 8 1300 0.61722 744 446 461 277 0.665001 0.668464 0.227259 0.275467	(1 8 10 1000 0.622925)
1 10 8 1600 0.616183 751 437 470 270 0.664154 0.669938 0.225129 0.275674	(1 8 10 1000 0.622925)
1 10 8 2000 0.529564 1021 0 907 0 0.57069 0.692438 0 0	(1 8 10 1000 0.622925)
1 10 9 100 0.604253 761 404 503 260 0.659395 0.666083 0.200389 0.258998	(1 8 10 1000 0.622925)
1 10 9 400 0.613589 749 434 473 272 0.666045 0.667856 0.21974 0.271133	(1 8 10 1000 0.622925)
1 10 9 700 0.61722 751 439 468 270 0.668179 0.670536 0.227278 0.277296	(1 8 10 1000 0.622925)
1 10 9 1000 0.614108 741 443 464 280 0.668051 0.665768 0.22082 0.269817	(1 8 10 1000 0.622925)
1 10 9 1300 0.613071 739 443 464 282 0.666113 0.664568 0.21868 0.267646	(1 8 10 1000 0.622925)
1 10 9 1600 0.613071 749 433 474 272 0.665432 0.667558 0.218663 0.270324	(1 8 10 1000 0.622925)
1 10 9 2000 0.529564 1021 0 907 0 0.56511 0.692438 0 0	(1 8 10 1000 0.622925)
1 10 10 100 0.605809 767 401 506 254 0.659024 0.668701 0.203754 0.262461	(1 8 10 1000 0.622925)
1 10 10 400 0.613071 747 435 472 274 0.66642 0.666964 0.218658 0.269823	(1 8 10 1000 0.622925)
1 10 10 700 0.616701 745 444 463 276 0.668579 0.668461 0.226184 0.274936	(1 8 10 1000 0.622925)
1 10 10 1000 0.61722 740 450 457 281 0.668814 0.667268 0.227273 0.274326	(1 8 10 1000 0.622925)
1 10 10 1300 0.61722 736 454 453 285 0.667206 0.666063 0.227304 0.273117	(1 8 10 1000 0.622925)
1 10 10 1600 0.615145 745 441 466 276 0.666715 0.667563 0.22296 0.272523	(1 8 10 1000 0.622925)
1 10 10 2000 0.529564 1021 0 907 0 0.562611 0.692438 0 0	(1 8 10 1000 0.622925)
