[alpha] [beta] [ks] [kt] [ACC] [TP] [TN] [FP] [FN] [AUC] [FM] [MCC] [PB]
1 1 1 2000 0.612727 878 470 561 291 0.664369 0.673313 0.217096 0.272128	(1 1 1 2000 0.612727)
1 1 2 2000 0.594091 968 339 692 201 0.632586 0.684341 0.181891 0.23875	(1 1 1 2000 0.612727)
1 1 3 2000 0.564091 951 290 741 218 0.563162 0.664803 0.112252 0.189395	(1 1 1 2000 0.612727)
1 1 4 2000 0.526364 855 303 728 314 0.524025 0.621366 0.0280864 0.133143	(1 1 1 2000 0.612727)
1 1 5 2000 0.525909 832 325 706 337 0.517256 0.614703 0.0293188 0.130124	(1 1 1 2000 0.612727)
1 1 6 2000 0.528636 812 351 680 357 0.515202 0.610297 0.0374464 0.130732	(1 1 1 2000 0.612727)
1 1 7 2000 0.522273 788 361 670 381 0.512265 0.599924 0.0255703 0.115585	(1 1 1 2000 0.612727)
1 1 8 2000 0.516818 781 356 675 388 0.509515 0.595048 0.0141219 0.105782	(1 1 1 2000 0.612727)
1 1 9 2000 0.518182 784 356 675 385 0.50751 0.596651 0.0168455 0.108592	(1 1 1 2000 0.612727)
1 1 10 2000 0.518182 777 363 668 392 0.509999 0.594491 0.0176116 0.106524	(1 1 1 2000 0.612727)
1 1 11 2000 0.515 778 355 676 391 0.507674 0.593214 0.0103851 0.102311	(1 1 1 2000 0.612727)
1 2 1 2000 0.609545 908 433 598 261 0.659125 0.678879 0.21124 0.269692	(1 1 1 2000 0.612727)
1 2 2 2000 0.613182 884 465 566 285 0.664243 0.675067 0.21815 0.273668	(1 2 2 2000 0.613182)
1 2 3 2000 0.604545 947 383 648 222 0.658946 0.685239 0.202928 0.260046	(1 2 2 2000 0.613182)
1 2 4 2000 0.599545 1012 307 724 157 0.638019 0.69673 0.199954 0.237326	(1 2 2 2000 0.613182)
1 2 5 2000 0.581818 1009 271 760 160 0.604914 0.686862 0.158396 0.205635	(1 2 2 2000 0.613182)
1 2 6 2000 0.563182 969 270 761 200 0.569898 0.668506 0.110542 0.183889	(1 2 2 2000 0.613182)
1 2 7 2000 0.544091 910 287 744 259 0.546067 0.644704 0.0656334 0.161038	(1 2 2 2000 0.613182)
1 2 8 2000 0.530455 860 307 724 309 0.532143 0.624773 0.0371658 0.139839	(1 2 2 2000 0.613182)
1 2 9 2000 0.525 833 322 709 336 0.52329 0.614533 0.0271305 0.128879	(1 2 2 2000 0.613182)
1 2 10 2000 0.522273 816 333 698 353 0.520312 0.608274 0.0226434 0.122066	(1 2 2 2000 0.613182)
1 2 11 2000 0.521364 804 343 688 365 0.515386 0.604284 0.0218481 0.118273	(1 2 2 2000 0.613182)
1 3 1 2000 0.602273 971 354 677 198 0.65556 0.689386 0.200258 0.252672	(1 2 2 2000 0.613182)
1 3 2 2000 0.613636 887 463 568 282 0.661121 0.676067 0.219164 0.274765	(1 3 2 2000 0.613636)
1 3 3 2000 0.610909 892 452 579 277 0.664189 0.675758 0.213572 0.270863	(1 3 2 2000 0.613636)
1 3 4 2000 0.604545 917 413 618 252 0.663225 0.678254 0.201036 0.261539	(1 3 2 2000 0.613636)
1 3 5 2000 0.603636 979 349 682 190 0.655606 0.691873 0.204177 0.253536	(1 3 2 2000 0.613636)
1 3 6 2000 0.596818 1016 297 734 153 0.643803 0.696129 0.194461 0.230944	(1 3 2 2000 0.613636)
1 3 7 2000 0.589091 1023 273 758 146 0.624172 0.693559 0.177791 0.214035	(1 3 2 2000 0.613636)
1 3 8 2000 0.577273 1008 262 769 161 0.600807 0.684318 0.14739 0.197616	(1 3 2 2000 0.613636)
1 3 9 2000 0.561364 979 256 775 190 0.578236 0.66986 0.106461 0.177993	(1 3 2 2000 0.613636)
1 3 10 2000 0.554545 953 267 764 216 0.560917 0.66043 0.0894486 0.17241	(1 3 2 2000 0.613636)
1 3 11 2000 0.549545 923 286 745 246 0.547144 0.650687 0.0780416 0.168815	(1 3 2 2000 0.613636)
1 4 1 2000 0.588182 1043 251 780 126 0.652701 0.697193 0.17966 0.20404	(1 3 2 2000 0.613636)
1 4 2 2000 0.609091 915 425 606 254 0.658187 0.680297 0.210592 0.269124	(1 3 2 2000 0.613636)
1 4 3 2000 0.613636 887 463 568 282 0.661748 0.676067 0.219164 0.274765	(1 3 2 2000 0.613636)
1 4 4 2000 0.613182 895 454 577 274 0.663892 0.677774 0.218425 0.274845	(1 3 2 2000 0.613636)
1 4 5 2000 0.608182 916 422 609 253 0.66422 0.68003 0.208715 0.267617	(1 3 2 2000 0.613636)
1 4 6 2000 0.601364 952 371 660 217 0.661742 0.684646 0.196451 0.253977	(1 3 2 2000 0.613636)
1 4 7 2000 0.603182 991 336 695 178 0.655293 0.694221 0.204763 0.249985	(1 3 2 2000 0.613636)
1 4 8 2000 0.599091 1019 299 732 150 0.646635 0.697945 0.200201 0.234129	(1 3 2 2000 0.613636)
1 4 9 2000 0.590909 1032 268 763 137 0.634765 0.696356 0.1838 0.213905	(1 3 2 2000 0.613636)
1 4 10 2000 0.587727 1035 258 773 134 0.620083 0.695331 0.176848 0.206659	(1 3 2 2000 0.613636)
1 4 11 2000 0.575909 1017 250 781 152 0.603534 0.685541 0.145217 0.191784	(1 3 2 2000 0.613636)
1 5 1 2000 0.570455 1101 154 877 68 0.648971 0.699714 0.151092 0.136844	(1 3 2 2000 0.613636)
1 5 2 2000 0.608182 950 388 643 219 0.656132 0.687907 0.211 0.266038	(1 3 2 2000 0.613636)
1 5 3 2000 0.612273 899 448 583 270 0.659401 0.678235 0.216645 0.273682	(1 3 2 2000 0.613636)
1 5 4 2000 0.611364 885 460 571 284 0.662046 0.674286 0.214363 0.270854	(1 3 2 2000 0.613636)
1 5 5 2000 0.611364 894 451 580 275 0.663576 0.676504 0.214581 0.271788	(1 3 2 2000 0.613636)
1 5 6 2000 0.608182 907 431 600 262 0.664545 0.677877 0.20832 0.267393	(1 3 2 2000 0.613636)
1 5 7 2000 0.61 940 402 629 229 0.663731 0.686633 0.214069 0.27002	(1 3 2 2000 0.613636)
1 5 8 2000 0.602727 970 356 675 199 0.660502 0.68941 0.201144 0.253658	(1 3 2 2000 0.613636)
1 5 9 2000 0.605909 1001 332 699 168 0.655492 0.697804 0.21232 0.252322	(1 3 2 2000 0.613636)
1 5 10 2000 0.598636 1026 291 740 143 0.64903 0.699148 0.200543 0.230757	(1 3 2 2000 0.613636)
1 5 11 2000 0.595909 1038 273 758 131 0.641374 0.700169 0.196842 0.22088	(1 3 2 2000 0.613636)
1 6 1 2000 0.552727 1138 78 953 31 0.643323 0.69816 0.112992 0.0728511	(1 3 2 2000 0.613636)
1 6 2 2000 0.597273 986 328 703 183 0.654468 0.689993 0.190957 0.240549	(1 3 2 2000 0.613636)
1 6 3 2000 0.61 926 416 615 243 0.657469 0.683395 0.213113 0.270624	(1 3 2 2000 0.613636)
1 6 4 2000 0.612273 891 456 575 278 0.66014 0.676281 0.216406 0.272985	(1 3 2 2000 0.613636)
1 6 5 2000 0.611364 885 460 571 284 0.662162 0.674286 0.214363 0.270854	(1 3 2 2000 0.613636)
1 6 6 2000 0.612273 892 455 576 277 0.663619 0.676526 0.216433 0.273084	(1 3 2 2000 0.613636)
1 6 7 2000 0.609545 901 440 591 268 0.66444 0.677189 0.210977 0.269337	(1 3 2 2000 0.613636)
1 6 8 2000 0.605 920 411 620 249 0.664388 0.679217 0.20215 0.262287	(1 3 2 2000 0.613636)
1 6 9 2000 0.603182 952 375 656 217 0.662863 0.685632 0.200395 0.257137	(1 3 2 2000 0.613636)
1 6 10 2000 0.602273 982 343 688 187 0.660088 0.691793 0.201551 0.250454	(1 3 2 2000 0.613636)
1 6 11 2000 0.604091 1006 323 708 163 0.656209 0.697884 0.209119 0.24756	(1 3 2 2000 0.613636)
1 7 1 2000 0.540909 1159 31 1000 10 0.636122 0.696514 0.0793836 0.0297277	(1 3 2 2000 0.613636)
1 7 2 2000 0.591818 1021 281 750 148 0.652867 0.694558 0.18382 0.219871	(1 3 2 2000 0.613636)
1 7 3 2000 0.607727 945 392 639 224 0.65613 0.686524 0.209605 0.265727	(1 3 2 2000 0.613636)
1 7 4 2000 0.610455 909 434 597 260 0.658526 0.679626 0.213201 0.271237	(1 3 2 2000 0.613636)
1 7 5 2000 0.613182 890 459 572 279 0.660506 0.676549 0.218285 0.27436	(1 3 2 2000 0.613636)
1 7 6 2000 0.612273 887 460 571 282 0.662263 0.675295 0.21631 0.272557	(1 3 2 2000 0.613636)
1 7 7 2000 0.612273 892 455 576 277 0.663603 0.676526 0.216433 0.273084	(1 3 2 2000 0.613636)
1 7 8 2000 0.609545 901 440 591 268 0.664354 0.677189 0.210977 0.269337	(1 3 2 2000 0.613636)
1 7 9 2000 0.609091 916 424 607 253 0.664536 0.680535 0.21064 0.269137	(1 3 2 2000 0.613636)
1 7 10 2000 0.604091 940 389 642 229 0.664077 0.683388 0.201419 0.259881	(1 3 2 2000 0.613636)
1 7 11 2000 0.604545 965 365 666 204 0.662686 0.689286 0.204578 0.257716	(1 3 2 2000 0.613636)
1 8 1 2000 0.536818 1164 17 1014 5 0.626756 0.695548 0.0612452 0.0163976	(1 3 2 2000 0.613636)
1 8 2 2000 0.581364 1059 220 811 110 0.651074 0.69694 0.166707 0.183267	(1 3 2 2000 0.613636)
1 8 3 2000 0.598636 963 354 677 206 0.65495 0.685653 0.191467 0.247641	(1 3 2 2000 0.613636)
1 8 4 2000 0.61 929 413 618 240 0.657207 0.684094 0.213299 0.27055	(1 3 2 2000 0.613636)
1 8 5 2000 0.611818 902 444 587 267 0.659161 0.678706 0.215795 0.27314	(1 3 2 2000 0.613636)
1 8 6 2000 0.613636 890 460 571 279 0.660753 0.676806 0.219237 0.275098	(1 3 2 2000 0.613636)
1 8 7 2000 0.613182 889 460 571 280 0.662377 0.676303 0.21826 0.274253	(1 3 2 2000 0.613636)
1 8 8 2000 0.611364 893 452 579 276 0.663466 0.676259 0.214553 0.271697	(1 3 2 2000 0.613636)
1 8 9 2000 0.608636 899 440 591 270 0.664067 0.676194 0.208994 0.267715	(1 3 2 2000 0.613636)
1 8 10 2000 0.610909 920 424 607 249 0.664583 0.682493 0.214694 0.272211	(1 3 2 2000 0.613636)
1 8 11 2000 0.605909 931 402 629 238 0.664646 0.682301 0.204712 0.263531	(1 3 2 2000 0.613636)
1 9 1 2000 0.533636 1166 8 1023 3 0.61597 0.694461 0.0367408 0.00773208	(1 3 2 2000 0.613636)
1 9 2 2000 0.570909 1090 166 865 79 0.648896 0.697823 0.148206 0.14495	(1 3 2 2000 0.613636)
1 9 3 2000 0.590909 991 309 722 178 0.653767 0.687717 0.177221 0.227785	(1 3 2 2000 0.613636)
1 9 4 2000 0.607273 942 394 637 227 0.656156 0.68559 0.208396 0.265191	(1 3 2 2000 0.613636)
1 9 5 2000 0.610455 918 425 606 251 0.657962 0.681768 0.213626 0.271439	(1 3 2 2000 0.613636)
1 9 6 2000 0.613636 898 452 579 271 0.659563 0.67876 0.219473 0.275842	(1 3 2 2000 0.613636)
1 9 7 2000 0.613636 889 461 570 280 0.661059 0.67656 0.219212 0.27499	(1 3 2 2000 0.613636)
1 9 8 2000 0.613636 891 459 572 278 0.662356 0.677052 0.219263 0.275203	(1 3 2 2000 0.613636)
1 9 9 2000 0.612273 895 452 579 274 0.663193 0.677261 0.216518 0.27336	(1 3 2 2000 0.613636)
1 9 10 2000 0.610455 904 439 592 265 0.663997 0.678424 0.213 0.271009	(1 3 2 2000 0.613636)
1 9 11 2000 0.607727 908 429 602 261 0.664501 0.677865 0.207398 0.266678	(1 3 2 2000 0.613636)
1 10 1 2000 0.532727 1166 6 1025 3 0.603967 0.694048 0.0254342 0.00579719	(1 3 2 2000 0.613636)
1 10 2 2000 0.564091 1118 123 908 51 0.645974 0.699844 0.139924 0.111939	(1 3 2 2000 0.613636)
1 10 3 2000 0.592273 1020 283 748 149 0.652637 0.694586 0.184699 0.221084	(1 3 2 2000 0.613636)
1 10 4 2000 0.600455 959 362 669 210 0.655186 0.685735 0.195079 0.251451	(1 3 2 2000 0.613636)
1 10 5 2000 0.610909 935 409 622 234 0.656984 0.685987 0.215634 0.271862	(1 3 2 2000 0.613636)
1 10 6 2000 0.610455 910 433 598 259 0.658453 0.679866 0.213244 0.271273	(1 3 2 2000 0.613636)
1 10 7 2000 0.612727 894 454 577 275 0.659864 0.677273 0.217442 0.274013	(1 3 2 2000 0.613636)
1 10 8 2000 0.612727 889 459 572 280 0.661144 0.676046 0.217309 0.273515	(1 3 2 2000 0.613636)
1 10 9 2000 0.613182 892 457 574 277 0.662237 0.67704 0.218338 0.274564	(1 3 2 2000 0.613636)
1 10 10 2000 0.613636 898 452 579 271 0.663185 0.67876 0.219473 0.275842	(1 3 2 2000 0.613636)
1 10 11 2000 0.61 902 440 591 267 0.663911 0.677686 0.211969 0.270146	(1 3 2 2000 0.613636)
1 11 1 2000 0.532273 1167 4 1027 2 0.592434 0.694023 0.0207527 0.00386977	(1 3 2 2000 0.613636)
1 11 2 2000 0.554545 1135 85 946 34 0.642907 0.698462 0.117717 0.0790872	(1 3 2 2000 0.613636)
1 11 3 2000 0.586364 1053 237 794 116 0.651345 0.698276 0.177625 0.195899	(1 3 2 2000 0.613636)
1 11 4 2000 0.599545 982 337 694 187 0.654264 0.690334 0.195521 0.245565	(1 3 2 2000 0.613636)
1 11 5 2000 0.607727 944 393 638 225 0.656068 0.686296 0.209525 0.265812	(1 3 2 2000 0.613636)
1 11 6 2000 0.609091 922 418 613 247 0.657475 0.681953 0.210953 0.269147	(1 3 2 2000 0.613636)
1 11 7 2000 0.612727 903 445 586 266 0.658905 0.679458 0.217743 0.2747	(1 3 2 2000 0.613636)
1 11 8 2000 0.612727 894 454 577 275 0.660055 0.677273 0.217442 0.274013	(1 3 2 2000 0.613636)
1 11 9 2000 0.612273 889 458 573 280 0.661141 0.675789 0.216356 0.272777	(1 3 2 2000 0.613636)
1 11 10 2000 0.614091 894 457 574 275 0.662298 0.678043 0.220299 0.276238	(1 11 10 2000 0.614091)
1 11 11 2000 0.615909 901 454 577 268 0.663079 0.680771 0.224339 0.279803	(1 11 11 2000 0.615909)
