[alpha] [beta] [ks] [kt] [ACC] [TP] [TN] [FP] [FN] [AUC] [FM] [MCC] [PB] (the best parameter set so far)
1 1 1 100 0.60616 837 462 544 300 0.660962 0.664813 0.20371 0.259388	(1 1 1 100 0.606083)
1 1 1 200 0.611759 839 472 534 298 0.665528 0.668526 0.215408 0.268577	(1 1 1 200 0.611071)
1 1 1 300 0.609893 836 471 535 301 0.66853 0.666667 0.211509 0.265037	(1 1 1 200 0.611071)
1 1 1 400 0.609426 843 463 543 294 0.666919 0.668252 0.21056 0.265665	(1 1 1 200 0.611071)
1 1 1 500 0.612226 844 468 538 293 0.667107 0.670107 0.21641 0.270272	(1 1 1 200 0.611071)
1 1 1 600 0.614092 846 470 536 291 0.668376 0.671695 0.220318 0.273591	(1 1 1 600 0.612156)
1 1 1 700 0.616426 854 467 539 283 0.669033 0.675099 0.225292 0.278653	(1 1 1 700 0.613065)
1 1 2 100 0.595894 897 380 626 240 0.624393 0.674436 0.183419 0.247643	(1 1 1 700 0.613065)
1 1 2 200 0.598693 919 364 642 218 0.628618 0.681245 0.190858 0.250906	(1 1 1 700 0.613065)
1 1 2 300 0.598693 926 357 649 211 0.62991 0.682891 0.191429 0.250092	(1 1 1 700 0.613065)
1 1 2 400 0.595427 927 349 657 210 0.630112 0.681367 0.184376 0.244289	(1 1 1 700 0.613065)
1 1 2 500 0.596827 931 348 658 206 0.631811 0.683052 0.187792 0.24615	(1 1 1 700 0.613065)
1 1 2 600 0.59776 932 349 657 205 0.634318 0.683786 0.189928 0.247629	(1 1 1 700 0.613065)
1 1 2 700 0.598227 934 348 658 203 0.634261 0.6845 0.191138 0.248136	(1 1 1 700 0.613065)
1 1 3 100 0.566029 897 316 690 240 0.569068 0.65859 0.117309 0.197454	(1 1 1 700 0.613065)
1 1 3 200 0.564162 911 298 708 226 0.567634 0.661103 0.113159 0.192689	(1 1 1 700 0.613065)
1 1 3 300 0.562296 917 288 718 220 0.56532 0.661616 0.108891 0.188575	(1 1 1 700 0.613065)
1 1 3 400 0.559496 921 278 728 216 0.563345 0.661163 0.102343 0.183055	(1 1 1 700 0.613065)
1 1 3 500 0.559029 922 276 730 215 0.564188 0.661169 0.101246 0.182062	(1 1 1 700 0.613065)
1 1 3 600 0.559029 922 276 730 215 0.564574 0.661169 0.101246 0.182062	(1 1 1 700 0.613065)
1 1 3 700 0.558563 922 275 731 215 0.565195 0.660932 0.100137 0.181256	(1 1 1 700 0.613065)
1 1 4 100 0.534764 832 314 692 305 0.533239 0.625329 0.0483151 0.147071	(1 1 1 700 0.613065)
1 1 4 200 0.532898 839 303 703 298 0.527654 0.626353 0.0434382 0.144614	(1 1 1 700 0.613065)
1 1 4 300 0.529165 838 296 710 299 0.52599 0.624209 0.0348377 0.138699	(1 1 1 700 0.613065)
1 1 4 400 0.527298 837 293 713 300 0.523867 0.623 0.0305661 0.135721	(1 1 1 700 0.613065)
1 1 4 500 0.526832 835 294 712 302 0.524263 0.622206 0.0296666 0.134886	(1 1 1 700 0.613065)
1 1 4 600 0.527298 833 297 709 304 0.524229 0.621874 0.0309496 0.135497	(1 1 1 700 0.613065)
1 1 4 700 0.527298 833 297 709 304 0.525299 0.621874 0.0309496 0.135497	(1 1 1 700 0.613065)
1 1 5 100 0.529631 804 331 675 333 0.523978 0.614679 0.0390137 0.135716	(1 1 1 700 0.613065)
1 1 5 200 0.526832 807 322 684 330 0.518798 0.614155 0.0323702 0.131973	(1 1 1 700 0.613065)
1 1 5 300 0.525898 806 321 685 331 0.517935 0.613394 0.0303379 0.130409	(1 1 1 700 0.613065)
1 1 5 400 0.523098 805 316 690 332 0.515469 0.611702 0.0240344 0.12603	(1 1 1 700 0.613065)
1 1 5 500 0.524498 807 317 689 330 0.515792 0.612989 0.0270377 0.128446	(1 1 1 700 0.613065)
1 1 5 600 0.524032 806 317 689 331 0.516072 0.612462 0.0260702 0.127591	(1 1 1 700 0.613065)
1 1 5 700 0.524965 807 318 688 330 0.517442 0.613222 0.028106 0.129151	(1 1 1 700 0.613065)
1 1 6 100 0.528231 784 348 658 353 0.520819 0.607988 0.0377186 0.129586	(1 1 1 700 0.613065)
1 1 6 200 0.525432 787 339 667 350 0.516063 0.607487 0.0311482 0.12615	(1 1 1 700 0.613065)
1 1 6 300 0.524498 786 338 668 351 0.515249 0.606716 0.0291463 0.124553	(1 1 1 700 0.613065)
1 1 6 400 0.522165 786 333 673 351 0.512983 0.605547 0.0238814 0.121118	(1 1 1 700 0.613065)
1 1 6 500 0.523098 787 334 672 350 0.513381 0.606317 0.0258872 0.12271	(1 1 1 700 0.613065)
1 1 6 600 0.522165 785 334 672 352 0.513896 0.605243 0.0239855 0.120898	(1 1 1 700 0.613065)
1 1 6 700 0.522632 786 334 672 351 0.514882 0.60578 0.024936 0.121805	(1 1 1 700 0.613065)
1 1 7 100 0.524032 767 356 650 370 0.516001 0.600626 0.0300086 0.119033	(1 1 1 700 0.613065)
1 1 7 200 0.521699 770 348 658 367 0.511053 0.60039 0.0244976 0.116514	(1 1 1 700 0.613065)
1 1 7 300 0.519832 768 346 660 369 0.510044 0.59883 0.0205316 0.113275	(1 1 1 700 0.613065)
1 1 7 400 0.517965 768 342 664 369 0.508434 0.597898 0.0163461 0.11059	(1 1 1 700 0.613065)
1 1 7 500 0.518432 768 343 663 369 0.508574 0.598131 0.0173935 0.111261	(1 1 1 700 0.613065)
1 1 7 600 0.518432 767 344 662 370 0.509204 0.597818 0.0175025 0.110986	(1 1 1 700 0.613065)
1 1 7 700 0.519365 769 344 662 368 0.510421 0.59891 0.0193786 0.112878	(1 1 1 700 0.613065)
1 1 8 100 0.516099 752 354 652 385 0.514895 0.591893 0.0139417 0.103148	(1 1 1 700 0.613065)
1 1 8 200 0.516099 757 349 657 380 0.510681 0.593493 0.0133841 0.10473	(1 1 1 700 0.613065)
1 1 8 300 0.514232 756 346 660 381 0.509214 0.592244 0.00932247 0.101777	(1 1 1 700 0.613065)
1 1 8 400 0.512366 756 342 664 381 0.507586 0.591318 0.00513815 0.0991334	(1 1 1 700 0.613065)
1 1 8 500 0.513299 757 343 663 380 0.507633 0.5921 0.00711571 0.10076	(1 1 1 700 0.613065)
1 1 8 600 0.512366 755 343 663 382 0.508157 0.590998 0.00525548 0.0988274	(1 1 1 700 0.613065)
1 1 8 700 0.512366 756 342 664 381 0.508827 0.591318 0.00513815 0.0991334	(1 1 1 700 0.613065)
1 1 9 100 0.516099 756 350 656 381 0.513833 0.593174 0.0134958 0.104421	(1 1 1 700 0.613065)
1 1 9 200 0.516566 762 345 661 375 0.510129 0.595313 0.01387 0.106892	(1 1 1 700 0.613065)
1 1 9 300 0.515632 762 343 663 375 0.508661 0.594848 0.0117775 0.105559	(1 1 1 700 0.613065)
1 1 9 400 0.514232 762 340 666 375 0.507054 0.594152 0.00863347 0.103561	(1 1 1 700 0.613065)
1 1 9 500 0.514699 763 340 666 374 0.506905 0.5947 0.00956771 0.104513	(1 1 1 700 0.613065)
1 1 9 600 0.515166 761 343 663 376 0.507413 0.594299 0.0108439 0.104603	(1 1 1 700 0.613065)
1 1 9 700 0.514699 761 342 664 376 0.507921 0.594067 0.00979659 0.103938	(1 1 1 700 0.613065)
1 1 10 100 0.519365 751 362 644 386 0.516078 0.593207 0.0213073 0.107417	(1 1 1 700 0.613065)
1 1 10 200 0.519365 757 356 650 380 0.51229 0.595126 0.0206663 0.109363	(1 1 1 700 0.613065)
1 1 10 300 0.518432 757 354 652 380 0.51075 0.594658 0.018589 0.10804	(1 1 1 700 0.613065)
1 1 10 400 0.517032 757 351 655 380 0.509536 0.593958 0.015468 0.106054	(1 1 1 700 0.613065)
1 1 10 500 0.517499 758 351 655 379 0.509606 0.59451 0.0163993 0.107025	(1 1 1 700 0.613065)
1 1 10 600 0.517032 756 352 654 381 0.509976 0.59364 0.0155783 0.105743	(1 1 1 700 0.613065)
1 1 10 700 0.517032 757 351 655 380 0.510718 0.593958 0.015468 0.106054	(1 1 1 700 0.613065)
1 2 1 100 0.609426 815 491 515 322 0.664585 0.660722 0.210711 0.259202	(1 1 1 700 0.613065)
1 2 1 200 0.614092 818 498 508 319 0.667014 0.664231 0.220372 0.267177	(1 2 1 200 0.616893)
1 2 1 300 0.617825 824 500 506 313 0.668809 0.668018 0.228053 0.274545	(1 2 1 300 0.619549)
1 2 1 400 0.614559 827 490 516 310 0.665611 0.666935 0.221249 0.270261	(1 2 1 300 0.619549)
1 2 1 500 0.618759 838 488 518 299 0.664733 0.672282 0.229955 0.279364	(1 2 1 300 0.619549)
1 2 1 600 0.618292 845 480 526 292 0.665289 0.673844 0.229038 0.280058	(1 2 1 300 0.619549)
1 2 1 700 0.617825 853 471 535 284 0.666312 0.675644 0.228184 0.280732	(1 2 1 300 0.619549)
1 2 2 100 0.608026 833 470 536 304 0.662213 0.664804 0.207616 0.261486	(1 2 1 300 0.619549)
1 2 2 200 0.608959 833 472 534 304 0.665716 0.665335 0.209564 0.262943	(1 2 1 300 0.619549)
1 2 2 300 0.607559 831 471 535 306 0.669115 0.664003 0.206648 0.260325	(1 2 1 300 0.619549)
1 2 2 400 0.609426 838 468 538 299 0.667484 0.666932 0.210538 0.264712	(1 2 1 300 0.619549)
1 2 2 500 0.609426 836 470 536 301 0.667391 0.666401 0.210535 0.264306	(1 2 1 300 0.619549)
1 2 2 600 0.613626 844 471 535 293 0.668557 0.670906 0.219327 0.272486	(1 2 1 300 0.619549)
1 2 2 700 0.616892 847 475 531 290 0.669227 0.673559 0.226154 0.278212	(1 2 1 300 0.619549)
1 2 3 100 0.607093 878 423 583 259 0.650152 0.675905 0.206447 0.266049	(1 2 1 300 0.619549)
1 2 3 200 0.604293 890 405 601 247 0.654944 0.677321 0.201048 0.26179	(1 2 1 300 0.619549)
1 2 3 300 0.610359 899 409 597 238 0.657594 0.682871 0.214413 0.271937	(1 2 1 300 0.619549)
1 2 3 400 0.605693 898 400 606 239 0.657279 0.680045 0.204457 0.264096	(1 2 1 300 0.619549)
1 2 3 500 0.608026 901 402 604 236 0.65828 0.682059 0.209599 0.267967	(1 2 1 300 0.619549)
1 2 3 600 0.60476 899 397 609 238 0.660651 0.679773 0.20253 0.262505	(1 2 1 300 0.619549)
1 2 3 700 0.605226 903 394 612 234 0.661092 0.680995 0.203772 0.263176	(1 2 1 300 0.619549)
1 2 4 100 0.59356 905 367 639 232 0.627897 0.675121 0.178787 0.243317	(1 2 1 300 0.619549)
1 2 4 200 0.60476 938 358 648 199 0.63263 0.688946 0.205779 0.258959	(1 2 1 300 0.619549)
1 2 4 300 0.604293 946 349 657 191 0.634167 0.690511 0.205686 0.256747	(1 2 1 300 0.619549)
1 2 4 400 0.604293 958 337 669 179 0.634456 0.693198 0.207253 0.25424	(1 2 1 300 0.619549)
1 2 4 500 0.59636 950 328 678 187 0.637005 0.687161 0.188723 0.241848	(1 2 1 300 0.619549)
1 2 4 600 0.60056 957 330 676 180 0.639336 0.690975 0.1989 0.247775	(1 2 1 300 0.619549)
1 2 4 700 0.601027 963 325 681 174 0.639594 0.692557 0.200769 0.247153	(1 2 1 300 0.619549)
1 2 5 100 0.579561 915 327 679 222 0.602627 0.670084 0.148395 0.218496	(1 2 1 300 0.619549)
1 2 5 200 0.583761 943 308 698 194 0.604971 0.678906 0.159711 0.22102	(1 2 1 300 0.619549)
1 2 5 300 0.581428 947 299 707 190 0.604609 0.67861 0.154728 0.215989	(1 2 1 300 0.619549)
1 2 5 400 0.586094 961 295 711 176 0.604718 0.684229 0.166853 0.220768	(1 2 1 300 0.619549)
1 2 5 500 0.585628 963 292 714 174 0.60654 0.684435 0.166016 0.21937	(1 2 1 300 0.619549)
1 2 5 600 0.585161 965 289 717 172 0.607807 0.68464 0.16518 0.217954	(1 2 1 300 0.619549)
1 2 5 700 0.585161 968 286 720 169 0.607795 0.68531 0.165551 0.217068	(1 2 1 300 0.619549)
1 2 6 100 0.566962 908 307 699 229 0.575242 0.661808 0.119571 0.197859	(1 2 1 300 0.619549)
1 2 6 200 0.565562 924 288 718 213 0.574746 0.664987 0.116675 0.192987	(1 2 1 300 0.619549)
1 2 6 300 0.564629 931 279 727 206 0.572781 0.66619 0.114683 0.189988	(1 2 1 300 0.619549)
1 2 6 400 0.562296 936 269 737 201 0.571808 0.666192 0.10929 0.184804	(1 2 1 300 0.619549)
1 2 6 500 0.565096 941 270 736 196 0.573003 0.668799 0.11615 0.188538	(1 2 1 300 0.619549)
1 2 6 600 0.563696 943 265 741 194 0.573136 0.668557 0.112882 0.18557	(1 2 1 300 0.619549)
1 2 6 700 0.562762 942 264 742 195 0.573007 0.667848 0.110603 0.184175	(1 2 1 300 0.619549)
1 2 7 100 0.552963 872 313 693 265 0.552182 0.645448 0.0877824 0.177223	(1 2 1 300 0.619549)
1 2 7 200 0.54923 881 296 710 256 0.549697 0.645894 0.0788372 0.170691	(1 2 1 300 0.619549)
1 2 7 300 0.54503 878 290 716 259 0.547529 0.642988 0.0691426 0.163958	(1 2 1 300 0.619549)
1 2 7 400 0.543164 879 285 721 258 0.546161 0.642309 0.0646994 0.160821	(1 2 1 300 0.619549)
1 2 7 500 0.54503 882 286 720 255 0.546861 0.644031 0.0689516 0.163685	(1 2 1 300 0.619549)
1 2 7 600 0.542697 879 284 722 258 0.54664 0.642075 0.0635976 0.160053	(1 2 1 300 0.619549)
1 2 7 700 0.544097 883 283 723 254 0.546995 0.643821 0.0667002 0.162065	(1 2 1 300 0.619549)
1 2 8 100 0.536164 828 321 685 309 0.539789 0.624906 0.0518338 0.148893	(1 2 1 300 0.619549)
1 2 8 200 0.533364 837 306 700 300 0.536778 0.626028 0.0446844 0.145234	(1 2 1 300 0.619549)
1 2 8 300 0.531965 836 304 702 301 0.534714 0.625047 0.0415274 0.142979	(1 2 1 300 0.619549)
1 2 8 400 0.529631 836 299 707 301 0.53311 0.623881 0.0361079 0.139325	(1 2 1 300 0.619549)
1 2 8 500 0.529631 837 298 708 300 0.533235 0.624161 0.0360174 0.13938	(1 2 1 300 0.619549)
1 2 8 600 0.531031 837 301 705 300 0.533011 0.62486 0.0392754 0.141575	(1 2 1 300 0.619549)
1 2 8 700 0.530565 837 300 706 300 0.533251 0.624627 0.0381904 0.140844	(1 2 1 300 0.619549)
1 2 9 100 0.526365 800 328 678 337 0.530047 0.611855 0.0319854 0.130117	(1 2 1 300 0.619549)
1 2 9 200 0.523098 807 314 692 330 0.527506 0.612291 0.0238274 0.126329	(1 2 1 300 0.619549)
1 2 9 300 0.522632 810 310 696 327 0.525606 0.61294 0.0224416 0.126043	(1 2 1 300 0.619549)
1 2 9 400 0.521699 811 307 699 326 0.523994 0.612769 0.0201825 0.124758	(1 2 1 300 0.619549)
1 2 9 500 0.521699 812 306 700 325 0.52391 0.613062 0.0200757 0.124886	(1 2 1 300 0.619549)
1 2 9 600 0.522165 810 309 697 327 0.523904 0.612708 0.0213659 0.125335	(1 2 1 300 0.619549)
1 2 9 700 0.521232 810 307 699 327 0.524294 0.612245 0.0192116 0.123919	(1 2 1 300 0.619549)
1 2 10 100 0.525432 785 341 665 352 0.526355 0.606881 0.0313454 0.125702	(1 2 1 300 0.619549)
1 2 10 200 0.523098 791 330 676 346 0.523297 0.607527 0.0254769 0.123545	(1 2 1 300 0.619549)
1 2 10 300 0.522165 792 327 679 345 0.52161 0.607362 0.0232561 0.122361	(1 2 1 300 0.619549)
1 2 10 400 0.521699 795 323 683 342 0.520322 0.608031 0.0218797 0.12224	(1 2 1 300 0.619549)
1 2 10 500 0.521232 795 322 684 342 0.520408 0.607798 0.020816 0.121545	(1 2 1 300 0.619549)
1 2 10 600 0.520765 794 322 684 343 0.520339 0.607266 0.0198586 0.120665	(1 2 1 300 0.619549)
1 2 10 700 0.520299 795 320 686 342 0.520928 0.607334 0.018686 0.120155	(1 2 1 300 0.619549)
1 3 1 100 0.611293 810 500 506 327 0.664435 0.660416 0.214691 0.260592	(1 2 1 300 0.619549)
1 3 1 200 0.616426 818 503 503 319 0.666003 0.665582 0.225217 0.270753	(1 2 1 300 0.619549)
1 3 1 300 0.617359 819 504 502 318 0.667707 0.666395 0.22714 0.272465	(1 3 1 300 0.619985)
1 3 1 400 0.614092 827 489 517 310 0.664266 0.666667 0.22028 0.269538	(1 3 1 300 0.619985)
1 3 1 500 0.622492 846 488 518 291 0.663205 0.676529 0.237754 0.286904	(1 3 1 500 0.620235)
1 3 1 600 0.621092 852 479 527 285 0.663631 0.677266 0.234944 0.285781	(1 3 1 500 0.620235)
1 3 1 700 0.616426 860 461 545 277 0.664734 0.676633 0.225422 0.279529	(1 3 1 500 0.620235)
1 3 2 100 0.609893 819 488 518 318 0.66474 0.662086 0.211621 0.261009	(1 3 1 500 0.620235)
1 3 2 200 0.612692 821 492 514 316 0.667833 0.664239 0.217423 0.265842	(1 3 1 500 0.620235)
1 3 2 300 0.614092 822 494 512 315 0.669688 0.665318 0.220322 0.268261	(1 3 1 500 0.620235)
1 3 2 400 0.617825 831 493 513 306 0.666978 0.669891 0.228014 0.276308	(1 3 1 500 0.620235)
1 3 2 500 0.613626 832 483 523 305 0.666306 0.667737 0.219288 0.269999	(1 3 1 500 0.620235)
1 3 2 600 0.616892 839 483 523 298 0.666915 0.671469 0.226086 0.276645	(1 3 1 500 0.620235)
1 3 2 700 0.616892 845 477 529 292 0.667735 0.673039 0.226131 0.277841	(1 3 1 500 0.620235)
1 3 3 100 0.607093 836 465 541 301 0.663111 0.665076 0.205662 0.260652	(1 3 1 500 0.620235)
1 3 3 200 0.607559 835 467 539 302 0.666708 0.665074 0.206638 0.261178	(1 3 1 500 0.620235)
1 3 3 300 0.60616 831 468 538 306 0.66985 0.663208 0.203723 0.258145	(1 3 1 500 0.620235)
1 3 3 400 0.609426 839 467 539 298 0.667662 0.667197 0.210541 0.264909	(1 3 1 500 0.620235)
1 3 3 500 0.612226 843 469 537 294 0.667576 0.669845 0.216403 0.270087	(1 3 1 500 0.620235)
1 3 3 600 0.613159 850 464 542 287 0.66867 0.672202 0.218423 0.272797	(1 3 1 500 0.620235)
1 3 3 700 0.613626 852 463 543 285 0.66922 0.672986 0.219426 0.273863	(1 3 1 500 0.620235)
1 3 4 100 0.608026 860 443 563 277 0.656812 0.671875 0.207869 0.265995	(1 3 1 500 0.620235)
1 3 4 200 0.609426 876 430 576 261 0.66173 0.676709 0.211284 0.269761	(1 3 1 500 0.620235)
1 3 4 300 0.608959 878 427 579 259 0.664835 0.676947 0.21038 0.26912	(1 3 1 500 0.620235)
1 3 4 400 0.611759 878 433 573 259 0.663885 0.678516 0.216265 0.273725	(1 3 1 500 0.620235)
1 3 4 500 0.608493 874 430 576 263 0.664287 0.675686 0.209248 0.268093	(1 3 1 500 0.620235)
1 3 4 600 0.613159 879 435 571 258 0.666109 0.679552 0.219243 0.276093	(1 3 1 500 0.620235)
1 3 4 700 0.615492 878 441 565 259 0.666713 0.68062 0.224083 0.279866	(1 3 1 500 0.620235)
1 3 5 100 0.598693 886 397 609 251 0.645767 0.673252 0.188934 0.252435	(1 3 1 500 0.620235)
1 3 5 200 0.60196 905 385 621 232 0.650975 0.679685 0.196916 0.257558	(1 3 1 500 0.620235)
1 3 5 300 0.601027 912 376 630 225 0.653207 0.680851 0.195383 0.255535	(1 3 1 500 0.620235)
1 3 5 400 0.603826 920 374 632 217 0.653199 0.684269 0.202031 0.259648	(1 3 1 500 0.620235)
1 3 5 500 0.60196 914 376 630 223 0.654265 0.681835 0.197539 0.256976	(1 3 1 500 0.620235)
1 3 5 600 0.60476 920 376 630 217 0.656794 0.684779 0.204038 0.261257	(1 3 1 500 0.620235)
1 3 5 700 0.602427 923 368 638 214 0.657399 0.684211 0.199267 0.256918	(1 3 1 500 0.620235)
1 3 6 100 0.600093 918 368 638 219 0.634037 0.681768 0.193814 0.253416	(1 3 1 500 0.620235)
1 3 6 200 0.60336 946 347 659 191 0.638375 0.690007 0.203651 0.255093	(1 3 1 500 0.620235)
1 3 6 300 0.604293 951 344 662 186 0.639743 0.691636 0.206311 0.255764	(1 3 1 500 0.620235)
1 3 6 400 0.604293 961 334 672 176 0.639994 0.693863 0.207683 0.253534	(1 3 1 500 0.620235)
1 3 6 500 0.605693 965 333 673 172 0.642516 0.695495 0.211358 0.255076	(1 3 1 500 0.620235)
1 3 6 600 0.602427 964 327 679 173 0.64489 0.693525 0.204013 0.249426	(1 3 1 500 0.620235)
1 3 6 700 0.601493 969 320 686 168 0.645326 0.694126 0.202709 0.246416	(1 3 1 500 0.620235)
1 3 7 100 0.59356 933 339 667 204 0.618395 0.681768 0.180785 0.240134	(1 3 1 500 0.620235)
1 3 7 200 0.594494 949 325 681 188 0.621431 0.685941 0.184458 0.238744	(1 3 1 500 0.620235)
1 3 7 300 0.59356 960 312 694 177 0.621312 0.687925 0.183692 0.234469	(1 3 1 500 0.620235)
1 3 7 400 0.595427 969 307 699 168 0.621901 0.690909 0.189135 0.235403	(1 3 1 500 0.620235)
1 3 7 500 0.595894 977 300 706 160 0.624225 0.692908 0.19143 0.233865	(1 3 1 500 0.620235)
1 3 7 600 0.598227 978 304 702 159 0.626095 0.694356 0.196867 0.237826	(1 3 1 500 0.620235)
1 3 7 700 0.594494 979 295 711 158 0.626357 0.692607 0.188578 0.230666	(1 3 1 500 0.620235)
1 3 8 100 0.583294 931 319 687 206 0.601358 0.675862 0.157721 0.222546	(1 3 1 500 0.620235)
1 3 8 200 0.582828 947 302 704 190 0.603114 0.67934 0.157934 0.218473	(1 3 1 500 0.620235)
1 3 8 300 0.583294 960 290 716 177 0.601732 0.682545 0.160295 0.216005	(1 3 1 500 0.620235)
1 3 8 400 0.582828 967 282 724 170 0.601911 0.683876 0.160012 0.21314	(1 3 1 500 0.620235)
1 3 8 500 0.582828 970 279 727 167 0.603435 0.684545 0.160377 0.212219	(1 3 1 500 0.620235)
1 3 8 600 0.580961 971 274 732 166 0.60448 0.683803 0.156128 0.20851	(1 3 1 500 0.620235)
1 3 8 700 0.581428 974 272 734 163 0.60433 0.68471 0.1576 0.208388	(1 3 1 500 0.620235)
1 3 9 100 0.569295 920 300 706 217 0.582584 0.665943 0.125229 0.200128	(1 3 1 500 0.620235)
1 3 9 200 0.570229 938 284 722 199 0.582623 0.670719 0.128141 0.198275	(1 3 1 500 0.620235)
1 3 9 300 0.572095 947 279 727 190 0.58071 0.673782 0.133049 0.199431	(1 3 1 500 0.620235)
1 3 9 400 0.570229 950 272 734 187 0.580156 0.67352 0.128836 0.195337	(1 3 1 500 0.620235)
1 3 9 500 0.570695 953 270 736 184 0.58115 0.674452 0.130146 0.195357	(1 3 1 500 0.620235)
1 3 9 600 0.567895 952 265 741 185 0.5815 0.672792 0.123401 0.190637	(1 3 1 500 0.620235)
1 3 9 700 0.566496 951 263 743 186 0.581308 0.671847 0.119986 0.188418	(1 3 1 500 0.620235)
1 3 10 100 0.564629 909 301 705 228 0.566585 0.660851 0.114213 0.193758	(1 3 1 500 0.620235)
1 3 10 200 0.564162 919 290 716 218 0.565537 0.663059 0.113288 0.191451	(1 3 1 500 0.620235)
1 3 10 300 0.563229 926 281 725 211 0.563511 0.664275 0.111246 0.188565	(1 3 1 500 0.620235)
1 3 10 400 0.561363 927 276 730 210 0.56293 0.663565 0.106853 0.185127	(1 3 1 500 0.620235)
1 3 10 500 0.560896 929 273 733 208 0.563533 0.663809 0.105782 0.183904	(1 3 1 500 0.620235)
1 3 10 600 0.559963 931 269 737 206 0.563432 0.663815 0.103592 0.181849	(1 3 1 500 0.620235)
1 3 10 700 0.559963 931 269 737 206 0.563311 0.663815 0.103592 0.181849	(1 3 1 500 0.620235)
1 4 1 100 0.612226 810 502 504 327 0.664385 0.660955 0.216633 0.262008	(1 3 1 500 0.620235)
1 4 1 200 0.614092 815 501 505 322 0.665458 0.663411 0.220418 0.266327	(1 3 1 500 0.620235)
1 4 1 300 0.618759 816 510 496 321 0.667071 0.666394 0.230087 0.273748	(1 4 1 300 0.621951)
1 4 1 400 0.614092 828 488 518 309 0.663664 0.666935 0.220274 0.269782	(1 4 1 300 0.621951)
1 4 1 500 0.622492 847 487 519 290 0.662446 0.676788 0.237767 0.287098	(1 4 1 300 0.621951)
1 4 1 600 0.623892 857 480 526 280 0.662894 0.680159 0.240845 0.291094	(1 4 1 300 0.621951)
1 4 1 700 0.617825 864 460 546 273 0.663949 0.678445 0.228444 0.282309	(1 4 1 300 0.621951)
1 4 2 100 0.608026 807 496 510 330 0.664869 0.657702 0.207957 0.254735	(1 4 1 300 0.621951)
1 4 2 200 0.614559 816 501 505 321 0.667167 0.663954 0.221372 0.267327	(1 4 1 300 0.621951)
1 4 2 300 0.615959 820 500 506 317 0.668719 0.665855 0.224222 0.270594	(1 4 1 300 0.621951)
1 4 2 400 0.615492 827 492 514 310 0.665533 0.667474 0.223188 0.271707	(1 4 1 300 0.621951)
1 4 2 500 0.620159 839 490 516 298 0.664649 0.673355 0.232862 0.28178	(1 4 1 300 0.621951)
1 4 2 600 0.617825 844 480 526 293 0.665096 0.673315 0.228059 0.279126	(1 4 1 300 0.621951)
1 4 2 700 0.618759 852 474 532 285 0.665979 0.675922 0.230105 0.282057	(1 4 1 300 0.621951)
1 4 3 100 0.608493 819 485 521 318 0.664729 0.661284 0.208704 0.258861	(1 4 1 300 0.621951)
1 4 3 200 0.613159 826 488 518 311 0.667727 0.665861 0.218346 0.267845	(1 4 1 300 0.621951)
1 4 3 300 0.612226 824 488 518 313 0.669838 0.664784 0.216421 0.265901	(1 4 1 300 0.621951)
1 4 3 400 0.617359 832 491 515 305 0.667017 0.669887 0.227044 0.275818	(1 4 1 300 0.621951)
1 4 3 500 0.612226 835 477 529 302 0.666473 0.667733 0.216372 0.268478	(1 4 1 300 0.621951)
1 4 3 600 0.617359 846 477 529 291 0.667232 0.673567 0.227111 0.278768	(1 4 1 300 0.621951)
1 4 3 700 0.615492 847 472 534 290 0.667869 0.672756 0.223243 0.27599	(1 4 1 300 0.621951)
1 4 4 100 0.60476 833 463 543 304 0.663005 0.662953 0.200786 0.256389	(1 4 1 300 0.621951)
1 4 4 200 0.608959 835 470 536 302 0.667061 0.665869 0.209561 0.263368	(1 4 1 300 0.621951)
1 4 4 300 0.60616 829 470 536 308 0.669816 0.66267 0.203733 0.257703	(1 4 1 300 0.621951)
1 4 4 400 0.608959 835 470 536 302 0.667623 0.665869 0.209561 0.263368	(1 4 1 300 0.621951)
1 4 4 500 0.611759 841 470 536 296 0.667425 0.669053 0.215417 0.26897	(1 4 1 300 0.621951)
1 4 4 600 0.611759 847 464 542 290 0.66841 0.670625 0.215466 0.270066	(1 4 1 300 0.621951)
1 4 4 700 0.614559 852 465 541 285 0.668984 0.673518 0.221371 0.275353	(1 4 1 300 0.621951)
1 4 5 100 0.60476 851 445 561 286 0.659537 0.667713 0.200862 0.259567	(1 4 1 300 0.621951)
1 4 5 200 0.608959 865 440 566 272 0.664002 0.673676 0.209949 0.268063	(1 4 1 300 0.621951)
1 4 5 300 0.610359 864 444 562 273 0.666919 0.67421 0.212857 0.270223	(1 4 1 300 0.621951)
1 4 5 400 0.607559 865 437 569 272 0.665725 0.67289 0.207009 0.265794	(1 4 1 300 0.621951)
1 4 5 500 0.613159 868 446 560 269 0.665958 0.676803 0.218833 0.275189	(1 4 1 300 0.621951)
1 4 5 600 0.612692 869 444 562 268 0.667547 0.676791 0.217889 0.274529	(1 4 1 300 0.621951)
1 4 5 700 0.614559 874 443 563 263 0.667981 0.679099 0.221969 0.278027	(1 4 1 300 0.621951)
1 4 6 100 0.606626 879 421 585 258 0.654172 0.675894 0.205502 0.265334	(1 4 1 300 0.621951)
1 4 6 200 0.608026 896 407 599 241 0.658963 0.680851 0.209292 0.268041	(1 4 1 300 0.621951)
1 4 6 300 0.611293 899 411 595 238 0.661786 0.68339 0.216385 0.273508	(1 4 1 300 0.621951)
1 4 6 400 0.611759 902 409 597 235 0.66132 0.68437 0.217569 0.27425	(1 4 1 300 0.621951)
1 4 6 500 0.609426 897 409 597 240 0.66182 0.68187 0.212315 0.270386	(1 4 1 300 0.621951)
1 4 6 600 0.610359 902 406 600 235 0.663954 0.683592 0.214609 0.271884	(1 4 1 300 0.621951)
1 4 6 700 0.607093 900 401 605 237 0.664657 0.681302 0.207554 0.266415	(1 4 1 300 0.621951)
1 4 7 100 0.60336 901 392 614 236 0.645877 0.679487 0.199664 0.260089	(1 4 1 300 0.621951)
1 4 7 200 0.600093 909 377 629 228 0.650954 0.679626 0.193166 0.254156	(1 4 1 300 0.621951)
1 4 7 300 0.60476 922 374 632 215 0.653152 0.685247 0.204209 0.261057	(1 4 1 300 0.621951)
1 4 7 400 0.604293 929 366 640 208 0.652698 0.686622 0.203846 0.259437	(1 4 1 300 0.621951)
1 4 7 500 0.605693 928 370 636 209 0.65404 0.687153 0.206768 0.261998	(1 4 1 300 0.621951)
1 4 7 600 0.602893 927 365 641 210 0.656687 0.685397 0.200632 0.257256	(1 4 1 300 0.621951)
1 4 7 700 0.603826 934 360 646 203 0.65713 0.687523 0.203333 0.257934	(1 4 1 300 0.621951)
1 4 8 100 0.600093 922 364 642 215 0.637597 0.68271 0.194134 0.252997	(1 4 1 300 0.621951)
1 4 8 200 0.601493 941 348 658 196 0.641662 0.687865 0.199002 0.252707	(1 4 1 300 0.621951)
1 4 8 300 0.606626 953 347 659 184 0.643255 0.693343 0.211661 0.259512	(1 4 1 300 0.621951)
1 4 8 400 0.607559 964 338 668 173 0.643139 0.69628 0.21529 0.258697	(1 4 1 300 0.621951)
1 4 8 500 0.605693 965 333 673 172 0.645389 0.695495 0.211358 0.255076	(1 4 1 300 0.621951)
1 4 8 600 0.60336 965 328 678 172 0.647816 0.694245 0.206224 0.250857	(1 4 1 300 0.621951)
1 4 8 700 0.60336 970 323 683 167 0.648277 0.695341 0.207006 0.249533	(1 4 1 300 0.621951)
1 4 9 100 0.600093 939 347 659 198 0.627637 0.686654 0.195727 0.250589	(1 4 1 300 0.621951)
1 4 9 200 0.597294 960 320 686 177 0.631237 0.689903 0.192053 0.241184	(1 4 1 300 0.621951)
1 4 9 300 0.598693 967 316 690 170 0.631875 0.692198 0.196168 0.241884	(1 4 1 300 0.621951)
1 4 9 400 0.596827 972 307 699 165 0.632019 0.692308 0.192742 0.237081	(1 4 1 300 0.621951)
1 4 9 500 0.595427 977 299 707 160 0.634315 0.692662 0.190372 0.233011	(1 4 1 300 0.621951)
1 4 9 600 0.598227 980 302 704 157 0.636472 0.694789 0.19721 0.237197	(1 4 1 300 0.621951)
1 4 9 700 0.600093 990 296 710 147 0.636757 0.69792 0.203281 0.237302	(1 4 1 300 0.621951)
1 4 10 100 0.592627 946 324 682 191 0.61529 0.684268 0.17997 0.236071	(1 4 1 300 0.621951)
1 4 10 200 0.591227 960 307 699 177 0.61866 0.686695 0.178428 0.230273	(1 4 1 300 0.621951)
1 4 10 300 0.590294 974 291 715 163 0.618563 0.689314 0.178199 0.224567	(1 4 1 300 0.621951)
1 4 10 400 0.59356 988 284 722 149 0.618751 0.694064 0.188001 0.225901	(1 4 1 300 0.621951)
1 4 10 500 0.593094 991 280 726 146 0.621049 0.694464 0.18748 0.223954	(1 4 1 300 0.621951)
1 4 10 600 0.596827 998 281 725 139 0.622451 0.697902 0.197475 0.228285	(1 4 1 300 0.621951)
1 4 10 700 0.59356 1001 271 735 136 0.622656 0.696833 0.190561 0.220992	(1 4 1 300 0.621951)
1 5 1 100 0.611759 808 503 503 329 0.664227 0.660131 0.215706 0.26069	(1 4 1 300 0.621951)
1 5 1 200 0.613626 814 501 505 323 0.665298 0.662866 0.219466 0.265325	(1 4 1 300 0.621951)
1 5 1 300 0.620625 818 512 494 319 0.666771 0.668028 0.233925 0.277189	(1 5 1 300 0.623476)
1 5 1 400 0.615026 830 488 518 307 0.663409 0.668008 0.222204 0.271713	(1 5 1 300 0.623476)
1 5 1 500 0.621559 848 484 522 289 0.662071 0.676506 0.235848 0.285806	(1 5 1 300 0.623476)
1 5 1 600 0.623892 859 478 528 278 0.662601 0.680666 0.240894 0.291407	(1 5 1 300 0.623476)
1 5 1 700 0.617359 863 460 546 274 0.663598 0.677926 0.227444 0.281428	(1 5 1 300 0.623476)
1 5 2 100 0.610359 809 499 507 328 0.664543 0.6596 0.212771 0.258875	(1 5 1 300 0.623476)
1 5 2 200 0.616892 817 505 501 320 0.666476 0.66558 0.2262 0.271183	(1 5 1 300 0.623476)
1 5 2 300 0.617359 819 504 502 318 0.667951 0.666395 0.22714 0.272465	(1 5 1 300 0.623476)
1 5 2 400 0.615492 829 490 516 308 0.664692 0.66801 0.223178 0.272198	(1 5 1 300 0.623476)
1 5 2 500 0.619225 841 486 520 296 0.663671 0.673339 0.230939 0.280734	(1 5 1 300 0.623476)
1 5 2 600 0.619225 850 477 529 287 0.664014 0.675676 0.23104 0.282457	(1 5 1 300 0.623476)
1 5 2 700 0.619692 859 469 537 278 0.664996 0.678247 0.232189 0.284648	(1 5 1 300 0.623476)
1 5 3 100 0.611759 816 495 511 321 0.664879 0.662338 0.215551 0.263047	(1 5 1 300 0.623476)
1 5 3 200 0.615492 819 500 506 318 0.667363 0.665313 0.223266 0.269601	(1 5 1 300 0.623476)
1 5 3 300 0.616892 822 500 506 315 0.669081 0.666937 0.226137 0.272573	(1 5 1 300 0.623476)
1 5 3 400 0.616426 828 493 513 309 0.665952 0.668281 0.225121 0.273402	(1 5 1 300 0.623476)
1 5 3 500 0.618292 835 490 516 302 0.665083 0.671222 0.228979 0.277968	(1 5 1 300 0.623476)
1 5 3 600 0.619692 842 486 520 295 0.665637 0.67387 0.231914 0.281676	(1 5 1 300 0.623476)
1 5 3 700 0.619225 851 476 530 286 0.666464 0.675933 0.231056 0.282631	(1 5 1 300 0.623476)
1 5 4 100 0.609426 820 486 520 317 0.664515 0.662091 0.210636 0.260557	(1 5 1 300 0.623476)
1 5 4 200 0.611293 825 485 521 312 0.667786 0.664519 0.21447 0.26471	(1 5 1 300 0.623476)
1 5 4 300 0.611293 822 488 518 315 0.669955 0.663706 0.214499 0.263949	(1 5 1 300 0.623476)
1 5 4 400 0.615026 830 488 518 307 0.667021 0.668008 0.222204 0.271713	(1 5 1 300 0.623476)
1 5 4 500 0.611759 836 475 531 301 0.666585 0.667732 0.2154 0.26796	(1 5 1 300 0.623476)
1 5 4 600 0.616426 844 477 529 293 0.667455 0.67251 0.225152 0.276913	(1 5 1 300 0.623476)
1 5 4 700 0.616426 848 473 533 289 0.668071 0.67355 0.225196 0.277651	(1 5 1 300 0.623476)
1 5 5 100 0.607559 836 466 540 301 0.663252 0.66534 0.206637 0.261382	(1 5 1 300 0.623476)
1 5 5 200 0.609893 838 469 537 299 0.666871 0.667197 0.211512 0.265444	(1 5 1 300 0.623476)
1 5 5 300 0.607559 831 471 535 306 0.669608 0.664003 0.206648 0.260325	(1 5 1 300 0.623476)
1 5 5 400 0.609893 837 470 536 300 0.667259 0.666932 0.21151 0.265242	(1 5 1 300 0.623476)
1 5 5 500 0.612692 843 470 536 294 0.667162 0.670111 0.217375 0.270824	(1 5 1 300 0.623476)
1 5 5 600 0.611759 848 463 543 289 0.668203 0.670886 0.215478 0.270237	(1 5 1 300 0.623476)
1 5 5 700 0.613626 851 464 542 286 0.668732 0.672727 0.219411 0.273703	(1 5 1 300 0.623476)
1 5 6 100 0.60616 848 451 555 289 0.661438 0.667717 0.203766 0.26134	(1 5 1 300 0.623476)
1 5 6 200 0.611293 860 450 556 277 0.665598 0.673717 0.214712 0.271258	(1 5 1 300 0.623476)
1 5 6 300 0.611759 856 455 551 281 0.668563 0.672956 0.215602 0.271475	(1 5 1 300 0.623476)
1 5 6 400 0.611759 861 450 556 276 0.666993 0.674236 0.215711 0.272135	(1 5 1 300 0.623476)
1 5 6 500 0.613159 860 454 552 277 0.666898 0.674774 0.218612 0.274266	(1 5 1 300 0.623476)
1 5 6 600 0.613159 864 450 556 273 0.668249 0.675792 0.218715 0.274755	(1 5 1 300 0.623476)
1 5 6 700 0.613159 865 449 557 272 0.668879 0.676045 0.218743 0.274869	(1 5 1 300 0.623476)
1 5 7 100 0.60336 861 432 574 276 0.657553 0.669518 0.198077 0.258586	(1 5 1 300 0.623476)
1 5 7 200 0.610359 882 426 580 255 0.662289 0.678723 0.213495 0.271639	(1 5 1 300 0.623476)
1 5 7 300 0.609893 883 424 582 254 0.665191 0.678709 0.212558 0.270913	(1 5 1 300 0.623476)
1 5 7 400 0.609893 884 423 583 253 0.66422 0.678955 0.212604 0.270954	(1 5 1 300 0.623476)
1 5 7 500 0.609426 878 428 578 259 0.664792 0.677208 0.211362 0.269887	(1 5 1 300 0.623476)
1 5 7 600 0.612692 884 429 577 253 0.66655 0.680523 0.218491 0.275591	(1 5 1 300 0.623476)
1 5 7 700 0.614092 887 429 577 250 0.667194 0.682045 0.221579 0.278035	(1 5 1 300 0.623476)
1 5 8 100 0.606626 887 413 593 250 0.652395 0.677875 0.20585 0.265628	(1 5 1 300 0.623476)
1 5 8 200 0.606626 904 396 610 233 0.657522 0.682007 0.20682 0.265509	(1 5 1 300 0.623476)
1 5 8 300 0.605693 907 391 615 230 0.659992 0.682211 0.205035 0.263797	(1 5 1 300 0.623476)
1 5 8 400 0.608959 911 394 612 226 0.659542 0.684962 0.212287 0.269149	(1 5 1 300 0.623476)
1 5 8 500 0.605693 908 390 616 229 0.660207 0.68245 0.205105 0.263746	(1 5 1 300 0.623476)
1 5 8 600 0.60476 912 384 622 225 0.662345 0.68289 0.2034 0.261914	(1 5 1 300 0.623476)
1 5 8 700 0.601027 911 377 629 226 0.662948 0.680613 0.195313 0.255609	(1 5 1 300 0.623476)
1 5 9 100 0.60336 909 384 622 228 0.64612 0.681409 0.200185 0.259719	(1 5 1 300 0.623476)
1 5 9 200 0.60196 919 371 635 218 0.651255 0.683017 0.197926 0.25653	(1 5 1 300 0.623476)
1 5 9 300 0.603826 928 366 640 209 0.653391 0.686137 0.202743 0.258753	(1 5 1 300 0.623476)
1 5 9 400 0.602427 933 358 648 204 0.652861 0.686534 0.200196 0.255632	(1 5 1 300 0.623476)
1 5 9 500 0.602893 936 356 650 201 0.654027 0.687477 0.201515 0.255997	(1 5 1 300 0.623476)
1 5 9 600 0.602893 935 357 649 202 0.656601 0.687247 0.201412 0.256151	(1 5 1 300 0.623476)
1 5 9 700 0.601493 943 346 660 194 0.657007 0.688321 0.199225 0.252349	(1 5 1 300 0.623476)
1 5 10 100 0.601027 925 363 643 212 0.639121 0.683919 0.196412 0.254262	(1 5 1 300 0.623476)
1 5 10 200 0.602427 947 344 662 190 0.643948 0.689731 0.201733 0.253246	(1 5 1 300 0.623476)
1 5 10 300 0.608959 960 345 661 177 0.645948 0.696157 0.217731 0.262166	(1 5 1 300 0.623476)
1 5 10 400 0.60196 962 328 678 175 0.645697 0.692834 0.202689 0.249087	(1 5 1 300 0.623476)
1 5 10 500 0.60616 971 328 678 166 0.647452 0.697057 0.213348 0.254351	(1 5 1 300 0.623476)
1 5 10 600 0.60336 967 326 680 170 0.650015 0.694684 0.206531 0.250338	(1 5 1 300 0.623476)
1 5 10 700 0.60476 976 320 686 161 0.650291 0.697392 0.211112 0.250388	(1 5 1 300 0.623476)
1 6 1 100 0.610826 807 502 504 330 0.664199 0.659314 0.213787 0.258969	(1 5 1 300 0.623476)
1 6 1 200 0.614559 815 502 504 322 0.665117 0.663681 0.221388 0.26704	(1 5 1 300 0.623476)
1 6 1 300 0.621559 819 513 493 318 0.666633 0.668844 0.235844 0.27891	(1 6 1 300 0.624238)
1 6 1 400 0.615959 831 489 517 306 0.663289 0.668813 0.22414 0.273402	(1 6 1 300 0.624238)
1 6 1 500 0.622958 851 484 522 286 0.661842 0.678088 0.238793 0.288583	(1 6 1 300 0.624238)
1 6 1 600 0.624825 861 478 528 276 0.662343 0.68171 0.242878 0.293212	(1 6 1 300 0.624238)
1 6 1 700 0.617359 863 460 546 274 0.663363 0.677926 0.227444 0.281428	(1 6 1 300 0.624238)
1 6 2 100 0.610359 806 502 504 331 0.664357 0.658766 0.21284 0.257952	(1 6 1 300 0.624238)
1 6 2 200 0.615959 816 504 502 321 0.666037 0.664766 0.224279 0.269468	(1 6 1 300 0.624238)
1 6 2 300 0.617359 818 505 501 319 0.667462 0.666124 0.227154 0.272183	(1 6 1 300 0.624238)
1 6 2 400 0.611293 826 484 522 311 0.664178 0.664789 0.214462 0.264956	(1 6 1 300 0.624238)
1 6 2 500 0.622958 847 488 518 290 0.662947 0.677058 0.238733 0.287838	(1 6 1 300 0.624238)
1 6 2 600 0.619692 852 476 530 285 0.66332 0.676459 0.232041 0.283547	(1 6 1 300 0.624238)
1 6 2 700 0.617359 860 463 543 277 0.66434 0.677165 0.227365 0.281032	(1 6 1 300 0.624238)
1 6 3 100 0.610826 810 499 507 327 0.664707 0.660147 0.21372 0.259884	(1 6 1 300 0.624238)
1 6 3 200 0.615026 816 502 504 321 0.666851 0.664225 0.222341 0.268041	(1 6 1 300 0.624238)
1 6 3 300 0.615026 818 500 506 319 0.668457 0.66477 0.222311 0.268607	(1 6 1 300 0.624238)
1 6 3 400 0.615492 828 491 515 309 0.665258 0.667742 0.223183 0.271954	(1 6 1 300 0.624238)
1 6 3 500 0.618759 837 489 517 300 0.664154 0.672019 0.229952 0.279146	(1 6 1 300 0.624238)
1 6 3 600 0.617825 844 480 526 293 0.66469 0.673315 0.228059 0.279126	(1 6 1 300 0.624238)
1 6 3 700 0.619692 854 474 532 283 0.665497 0.676972 0.232079 0.283879	(1 6 1 300 0.624238)
1 6 4 100 0.610359 818 490 516 319 0.664949 0.66208 0.212607 0.261456	(1 6 1 300 0.624238)
1 6 4 200 0.614559 821 496 510 316 0.667513 0.665316 0.221303 0.268713	(1 6 1 300 0.624238)
1 6 4 300 0.614092 822 494 512 315 0.669364 0.665318 0.220322 0.268261	(1 6 1 300 0.624238)
1 6 4 400 0.615492 828 491 515 309 0.666156 0.667742 0.223183 0.271954	(1 6 1 300 0.624238)
1 6 4 500 0.617359 835 488 518 302 0.665491 0.670683 0.227043 0.276508	(1 6 1 300 0.624238)
1 6 4 600 0.617825 838 486 520 299 0.666077 0.671743 0.228019 0.277899	(1 6 1 300 0.624238)
1 6 4 700 0.618292 847 478 528 290 0.666752 0.674363 0.229061 0.280433	(1 6 1 300 0.624238)
1 6 5 100 0.607093 821 480 526 316 0.664446 0.661031 0.205758 0.257229	(1 6 1 300 0.624238)
1 6 5 200 0.611293 825 485 521 312 0.66763 0.664519 0.21447 0.26471	(1 6 1 300 0.624238)
1 6 5 300 0.609893 826 481 525 311 0.669789 0.663987 0.211546 0.26279	(1 6 1 300 0.624238)
1 6 5 400 0.614559 832 485 521 305 0.666831 0.668273 0.221229 0.271454	(1 6 1 300 0.624238)
1 6 5 500 0.609893 835 472 534 302 0.666438 0.666401 0.211509 0.264828	(1 6 1 300 0.624238)
1 6 5 600 0.617825 848 476 530 289 0.667412 0.674354 0.228105 0.279875	(1 6 1 300 0.624238)
1 6 5 700 0.617825 851 473 533 286 0.66796 0.675129 0.228149 0.280399	(1 6 1 300 0.624238)
1 6 6 100 0.606626 834 466 540 303 0.663816 0.664277 0.204688 0.259512	(1 6 1 300 0.624238)
1 6 6 200 0.610359 838 470 536 299 0.667262 0.667463 0.212486 0.266177	(1 6 1 300 0.624238)
1 6 6 300 0.607559 832 470 536 305 0.669929 0.664271 0.206644 0.260543	(1 6 1 300 0.624238)
1 6 6 400 0.609426 837 469 537 300 0.667412 0.666667 0.210536 0.264511	(1 6 1 300 0.624238)
1 6 6 500 0.611293 841 469 537 296 0.66734 0.668787 0.214444 0.268235	(1 6 1 300 0.624238)
1 6 6 600 0.610359 845 463 543 292 0.668364 0.669307 0.212525 0.267499	(1 6 1 300 0.624238)
1 6 6 700 0.614559 851 466 540 286 0.668846 0.673259 0.221355 0.275191	(1 6 1 300 0.624238)
1 6 7 100 0.608026 846 457 549 291 0.662122 0.668246 0.207657 0.263976	(1 6 1 300 0.624238)
1 6 7 200 0.612692 856 457 549 281 0.666299 0.673485 0.217551 0.272972	(1 6 1 300 0.624238)
1 6 7 300 0.609893 849 458 548 288 0.66909 0.670087 0.211592 0.267435	(1 6 1 300 0.624238)
1 6 7 400 0.613626 856 459 547 281 0.667273 0.674016 0.219499 0.274468	(1 6 1 300 0.624238)
1 6 7 500 0.615026 855 463 543 282 0.667394 0.674556 0.222397 0.276565	(1 6 1 300 0.624238)
1 6 7 600 0.615492 859 460 546 278 0.668478 0.675846 0.223455 0.277889	(1 6 1 300 0.624238)
1 6 7 700 0.613626 859 456 550 278 0.669229 0.674784 0.219563 0.274885	(1 6 1 300 0.624238)
1 6 8 100 0.60476 862 434 572 275 0.659506 0.670556 0.201047 0.260952	(1 6 1 300 0.624238)
1 6 8 200 0.608493 870 434 572 267 0.664118 0.67468 0.209114 0.267779	(1 6 1 300 0.624238)
1 6 8 300 0.614092 876 440 566 261 0.666923 0.679333 0.221072 0.27742	(1 6 1 300 0.624238)
1 6 8 400 0.609893 874 433 573 263 0.665694 0.676471 0.212191 0.270386	(1 6 1 300 0.624238)
1 6 8 500 0.611759 875 436 570 262 0.666077 0.677769 0.216146 0.273518	(1 6 1 300 0.624238)
1 6 8 600 0.614559 880 437 569 257 0.667573 0.680588 0.222218 0.278462	(1 6 1 300 0.624238)
1 6 8 700 0.613626 877 438 568 260 0.668252 0.679318 0.220136 0.276727	(1 6 1 300 0.624238)
1 6 9 100 0.602427 872 419 587 265 0.655838 0.671803 0.19638 0.258032	(1 6 1 300 0.624238)
1 6 9 200 0.608026 893 410 596 244 0.660939 0.680122 0.209122 0.268043	(1 6 1 300 0.624238)
1 6 9 300 0.611759 895 416 590 242 0.663814 0.682685 0.217122 0.274305	(1 6 1 300 0.624238)
1 6 9 400 0.612692 899 414 592 238 0.662934 0.68417 0.219339 0.275866	(1 6 1 300 0.624238)
1 6 9 500 0.605693 895 403 603 242 0.663431 0.679317 0.204285 0.264133	(1 6 1 300 0.624238)
1 6 9 600 0.610359 903 405 601 234 0.665293 0.683832 0.214677 0.27186	(1 6 1 300 0.624238)
1 6 9 700 0.610826 903 406 600 234 0.665876 0.684091 0.215664 0.272649	(1 6 1 300 0.624238)
1 6 10 100 0.604293 892 403 603 245 0.651166 0.677812 0.201149 0.261799	(1 6 1 300 0.624238)
1 6 10 200 0.604293 912 383 623 225 0.656691 0.682635 0.202401 0.261117	(1 6 1 300 0.624238)
1 6 10 300 0.60336 914 379 627 223 0.659203 0.682599 0.200549 0.259373	(1 6 1 300 0.624238)
1 6 10 400 0.602893 921 371 635 216 0.658608 0.683996 0.200104 0.257938	(1 6 1 300 0.624238)
1 6 10 500 0.601027 920 368 638 217 0.65934 0.682746 0.195991 0.254822	(1 6 1 300 0.624238)
1 6 10 600 0.602427 924 367 639 213 0.661606 0.684444 0.199354 0.256805	(1 6 1 300 0.624238)
1 6 10 700 0.601493 926 363 643 211 0.66228 0.684405 0.197511 0.25495	(1 6 1 300 0.624238)
