# All Parameter Sets
# [alpha] [beta] [ks] [kt] [ACC] [TP] [TN] [FP] [FN] [AUC] [FM] [MCC] [PB] (the best parameter set so far)
1 1 1 10 0.594545 796 512 519 373 0.618513 0.640902 0.180664 0.222714	(1 1 1 10 0.605323)
1 1 1 310 0.612727 864 484 547 305 0.664851 0.669767 0.216983 0.269781	(1 1 1 310 0.612332)
1 1 1 610 0.612273 867 480 551 302 0.665338 0.670274 0.216044 0.26962	(1 1 1 310 0.612332)
1 1 1 1000 0.613182 864 485 546 305 0.666148 0.670027 0.217931 0.270498	(1 1 1 1000 0.612766)
1 1 2 10 0.561818 801 435 596 368 0.585638 0.624318 0.111034 0.176738	(1 1 1 1000 0.612766)
1 1 2 310 0.593182 948 357 674 221 0.623007 0.679326 0.178255 0.24028	(1 1 1 1000 0.612766)
1 1 2 610 0.592727 955 349 682 214 0.627081 0.680684 0.177759 0.238541	(1 1 1 1000 0.612766)
1 1 2 1000 0.593182 970 335 696 199 0.628284 0.684303 0.180056 0.236757	(1 1 1 1000 0.612766)
1 1 3 10 0.551818 823 391 640 346 0.554114 0.62538 0.0880315 0.167666	(1 1 1 1000 0.612766)
1 1 3 310 0.564091 943 298 733 226 0.559194 0.662917 0.112125 0.190782	(1 1 1 1000 0.612766)
1 1 3 610 0.559091 945 285 746 224 0.558272 0.660839 0.100363 0.18183	(1 1 1 1000 0.612766)
1 1 3 1000 0.561364 950 285 746 219 0.559754 0.663176 0.105789 0.18485	(1 1 1 1000 0.612766)
1 1 4 10 0.527727 788 373 658 381 0.535689 0.602677 0.0377084 0.12343	(1 1 1 1000 0.612766)
1 1 4 310 0.525 851 304 727 318 0.519767 0.619585 0.0253006 0.130746	(1 1 1 1000 0.612766)
1 1 4 610 0.521818 846 302 729 323 0.51815 0.616618 0.0183847 0.125422	(1 1 1 1000 0.612766)
1 1 4 1000 0.522727 852 298 733 317 0.520209 0.618736 0.0198681 0.127283	(1 1 1 1000 0.612766)
1 1 5 10 0.530455 787 380 651 382 0.533278 0.603759 0.0438377 0.127059	(1 1 1 1000 0.612766)
1 1 5 310 0.525 826 329 702 343 0.512706 0.612532 0.0278375 0.127863	(1 1 1 1000 0.612766)
1 1 5 610 0.523182 827 324 707 342 0.511564 0.611913 0.0235696 0.125273	(1 1 1 1000 0.612766)
1 1 5 1000 0.524091 831 322 709 338 0.513823 0.613511 0.025244 0.127226	(1 1 1 1000 0.612766)
1 1 6 10 0.525909 771 386 645 398 0.531222 0.596518 0.0353553 0.115497	(1 1 1 1000 0.612766)
1 1 6 310 0.527273 808 352 679 361 0.511288 0.608434 0.0347634 0.127854	(1 1 1 1000 0.612766)
1 1 6 610 0.524545 806 348 683 363 0.510759 0.606471 0.0288239 0.123394	(1 1 1 1000 0.612766)
1 1 6 1000 0.525 809 346 685 360 0.512511 0.607585 0.0295469 0.124717	(1 1 1 1000 0.612766)
1 1 7 10 0.523182 758 393 638 411 0.529868 0.591033 0.0306739 0.10701	(1 1 1 1000 0.612766)
1 1 7 310 0.52 785 359 672 384 0.508882 0.597867 0.0208072 0.111479	(1 1 1 1000 0.612766)
1 1 7 610 0.518182 783 357 674 386 0.508235 0.596344 0.0169551 0.108306	(1 1 1 1000 0.612766)
1 1 7 1000 0.519091 786 356 675 383 0.50963 0.597719 0.0186643 0.110457	(1 1 1 1000 0.612766)
1 1 8 10 0.520455 753 392 639 416 0.526894 0.588052 0.0252102 0.101324	(1 1 1 1000 0.612766)
1 1 8 310 0.515 777 356 675 392 0.506315 0.592903 0.0104989 0.102011	(1 1 1 1000 0.612766)
1 1 8 610 0.513182 775 354 677 394 0.506294 0.591377 0.00665316 0.0988302	(1 1 1 1000 0.612766)
1 1 8 1000 0.513636 779 351 680 390 0.506846 0.592846 0.00720898 0.100668	(1 1 1 1000 0.612766)
1 1 9 10 0.516364 752 384 647 417 0.524593 0.58567 0.0163224 0.0953164	(1 1 1 1000 0.612766)
1 1 9 310 0.516818 780 357 674 389 0.504866 0.594739 0.0142333 0.105489	(1 1 1 1000 0.612766)
1 1 9 610 0.514091 778 353 678 391 0.504361 0.592762 0.00834569 0.10102	(1 1 1 1000 0.612766)
1 1 9 1000 0.515 782 351 680 387 0.505064 0.594451 0.00992852 0.103476	(1 1 1 1000 0.612766)
1 1 10 10 0.519545 754 389 642 415 0.526191 0.587914 0.0231077 0.100462	(1 1 1 1000 0.612766)
1 1 10 310 0.516818 773 364 667 396 0.506773 0.592564 0.0150111 0.103345	(1 1 1 1000 0.612766)
1 1 10 610 0.515455 773 361 670 396 0.506607 0.591884 0.0119687 0.101421	(1 1 1 1000 0.612766)
1 1 10 1000 0.515455 775 359 672 394 0.507382 0.592508 0.011743 0.102045	(1 1 1 1000 0.612766)
1 2 1 10 0.593636 753 553 478 416 0.623271 0.6275 0.181449 0.201913	(1 1 1 1000 0.612766)
1 2 1 310 0.613636 840 510 521 329 0.666234 0.664032 0.219064 0.265639	(1 2 1 310 0.617193)
1 2 1 610 0.615909 866 489 542 303 0.662647 0.672099 0.223622 0.275186	(1 2 1 310 0.617193)
1 2 1 1000 0.614545 882 470 561 287 0.662195 0.675345 0.220962 0.275606	(1 2 1 310 0.617193)
1 2 2 10 0.590455 790 509 522 379 0.617604 0.63684 0.172385 0.214455	(1 2 1 310 0.617193)
1 2 2 310 0.608182 857 481 550 312 0.665337 0.665373 0.207494 0.261254	(1 2 1 310 0.617193)
1 2 2 610 0.610455 864 479 552 305 0.66528 0.668472 0.212236 0.266197	(1 2 1 310 0.617193)
1 2 2 1000 0.612727 866 482 549 303 0.666169 0.670279 0.216988 0.270156	(1 2 1 310 0.617193)
1 2 3 10 0.575909 787 480 551 382 0.606151 0.627842 0.14188 0.192357	(1 2 1 310 0.617193)
1 2 3 310 0.605 932 399 632 237 0.652848 0.682034 0.202831 0.261939	(1 2 1 310 0.617193)
1 2 3 610 0.605909 932 401 630 237 0.656063 0.682534 0.204775 0.263485	(1 2 1 310 0.617193)
1 2 3 1000 0.605909 940 393 638 229 0.657559 0.684383 0.205323 0.263001	(1 2 1 310 0.617193)
1 2 4 10 0.569091 802 450 581 367 0.589193 0.628527 0.126544 0.18769	(1 2 1 310 0.617193)
1 2 4 310 0.595909 969 342 689 200 0.627973 0.685532 0.186025 0.241776	(1 2 1 310 0.617193)
1 2 4 610 0.596364 990 322 709 179 0.632838 0.690377 0.189432 0.23791	(1 2 1 310 0.617193)
1 2 4 1000 0.600909 1006 316 715 163 0.634505 0.696194 0.202004 0.241717	(1 2 1 310 0.617193)
1 2 5 10 0.567727 824 425 606 345 0.575492 0.63409 0.122509 0.191808	(1 2 1 310 0.617193)
1 2 5 310 0.576364 978 290 741 191 0.5988 0.677285 0.142336 0.205054	(1 2 1 310 0.617193)
1 2 5 610 0.579545 992 283 748 177 0.601521 0.682021 0.151032 0.206936	(1 2 1 310 0.617193)
1 2 5 1000 0.579091 998 276 755 171 0.601412 0.683094 0.150588 0.204281	(1 2 1 310 0.617193)
1 2 6 10 0.550455 816 395 636 353 0.56163 0.622663 0.0854912 0.164043	(1 2 1 310 0.617193)
1 2 6 310 0.558636 949 280 751 220 0.567155 0.661555 0.0992933 0.180313	(1 2 1 310 0.617193)
1 2 6 610 0.560909 958 276 755 211 0.567156 0.664816 0.104818 0.182443	(1 2 1 310 0.617193)
1 2 6 1000 0.561818 962 274 757 207 0.567016 0.666205 0.107074 0.18315	(1 2 1 310 0.617193)
1 2 7 10 0.541364 801 390 641 368 0.551057 0.613558 0.0666529 0.146831	(1 2 1 310 0.617193)
1 2 7 310 0.542273 895 298 733 274 0.543139 0.639971 0.0621746 0.159001	(1 2 1 310 0.617193)
1 2 7 610 0.540909 902 288 743 267 0.541937 0.64108 0.0585284 0.15639	(1 2 1 310 0.617193)
1 2 7 1000 0.542727 906 288 743 263 0.542675 0.643009 0.0626101 0.159105	(1 2 1 310 0.617193)
1 2 8 10 0.533182 786 387 644 383 0.543315 0.604848 0.0499395 0.130674	(1 2 1 310 0.617193)
1 2 8 310 0.529091 850 314 717 319 0.529559 0.621345 0.0349164 0.137018	(1 2 1 310 0.617193)
1 2 8 610 0.525455 850 306 725 319 0.528131 0.619534 0.0264638 0.131376	(1 2 1 310 0.617193)
1 2 8 1000 0.527727 855 306 725 314 0.528766 0.622044 0.0312725 0.135271	(1 2 1 310 0.617193)
1 2 9 10 0.525455 773 383 648 396 0.536353 0.596911 0.0341551 0.115531	(1 2 1 310 0.617193)
1 2 9 310 0.523636 829 323 708 340 0.520779 0.612712 0.0244056 0.126255	(1 2 1 310 0.617193)
1 2 9 610 0.521364 828 319 712 341 0.519319 0.611296 0.0192808 0.122674	(1 2 1 310 0.617193)
1 2 9 1000 0.522273 830 319 712 339 0.520076 0.61232 0.0211622 0.124331	(1 2 1 310 0.617193)
1 2 10 10 0.526818 774 385 646 395 0.534657 0.597914 0.0370611 0.11779	(1 2 1 310 0.617193)
1 2 10 310 0.521364 813 334 697 356 0.517317 0.606943 0.0208906 0.120147	(1 2 1 310 0.617193)
1 2 10 610 0.520455 813 332 699 356 0.516222 0.60649 0.0188191 0.118798	(1 2 1 310 0.617193)
1 2 10 1000 0.519091 813 329 702 356 0.517119 0.605812 0.0157058 0.116774	(1 2 1 310 0.617193)
1 3 1 10 0.586818 738 553 478 431 0.624411 0.618868 0.168289 0.184489	(1 2 1 310 0.617193)
1 3 1 310 0.616818 838 519 512 331 0.665524 0.665343 0.22572 0.269956	(1 3 1 310 0.620741)
1 3 1 610 0.620455 877 488 543 292 0.660988 0.677482 0.233186 0.284352	(1 3 1 310 0.620741)
1 3 1 1000 0.607273 897 439 592 272 0.660091 0.674944 0.206057 0.265341	(1 3 1 310 0.620741)
1 3 2 10 0.594091 771 536 495 398 0.623629 0.633265 0.181143 0.211453	(1 3 1 310 0.620741)
1 3 2 310 0.610909 840 504 527 329 0.666861 0.662461 0.213381 0.261458	(1 3 1 310 0.620741)
1 3 2 610 0.613636 858 492 539 311 0.664072 0.668745 0.218881 0.27	(1 3 1 310 0.620741)
1 3 2 1000 0.615 873 480 551 296 0.66403 0.673351 0.22178 0.274986	(1 3 1 310 0.620741)
1 3 3 10 0.590909 787 513 518 382 0.618262 0.636217 0.173503 0.213905	(1 3 1 310 0.620741)
1 3 3 310 0.606364 860 474 557 309 0.665963 0.66512 0.203675 0.259002	(1 3 1 310 0.620741)
1 3 3 610 0.609545 871 470 561 298 0.665354 0.669742 0.210364 0.265977	(1 3 1 310 0.620741)
1 3 3 1000 0.615909 878 477 554 291 0.666071 0.675125 0.22374 0.277227	(1 3 1 310 0.620741)
1 3 4 10 0.583182 787 496 535 382 0.612425 0.631875 0.157243 0.202805	(1 3 1 310 0.620741)
1 3 4 310 0.605455 896 436 595 273 0.660405 0.673684 0.202189 0.262294	(1 3 1 310 0.620741)
1 3 4 610 0.610455 906 437 594 263 0.662025 0.678906 0.213077 0.271111	(1 3 1 310 0.620741)
1 3 4 1000 0.605455 899 433 598 270 0.663515 0.674419 0.202275 0.262493	(1 3 1 310 0.620741)
1 3 5 10 0.576818 795 474 557 374 0.60415 0.630702 0.143353 0.196603	(1 3 1 310 0.620741)
1 3 5 310 0.605 946 385 646 223 0.64888 0.685259 0.203827 0.260928	(1 3 1 310 0.620741)
1 3 5 610 0.603636 956 372 659 213 0.652227 0.686782 0.201731 0.257429	(1 3 1 310 0.620741)
1 3 5 1000 0.603182 966 361 670 203 0.653935 0.68877 0.201712 0.25515	(1 3 1 310 0.620741)
1 3 6 10 0.571364 803 454 577 366 0.59485 0.630051 0.131337 0.191336	(1 3 1 310 0.620741)
1 3 6 310 0.597273 979 335 696 190 0.634228 0.688467 0.190118 0.242164	(1 3 1 310 0.620741)
1 3 6 610 0.598636 992 325 706 177 0.639162 0.692013 0.194793 0.241505	(1 3 1 310 0.620741)
1 3 6 1000 0.601364 1008 315 716 161 0.640807 0.696854 0.203361 0.241943	(1 3 1 310 0.620741)
1 3 7 10 0.566364 820 426 605 349 0.584867 0.632228 0.119766 0.188775	(1 3 1 310 0.620741)
1 3 7 310 0.586818 984 307 724 185 0.615991 0.684046 0.167082 0.222249	(1 3 1 310 0.620741)
1 3 7 610 0.590455 1003 296 735 166 0.620032 0.690058 0.177768 0.223468	(1 3 1 310 0.620741)
1 3 7 1000 0.591364 1013 288 743 156 0.620853 0.69265 0.181392 0.221871	(1 3 1 310 0.620741)
1 3 8 10 0.565 821 422 609 348 0.575101 0.631781 0.11678 0.186982	(1 3 1 310 0.620741)
1 3 8 310 0.578636 986 287 744 183 0.595751 0.680235 0.148322 0.207007	(1 3 1 310 0.620741)
1 3 8 610 0.575455 994 272 759 175 0.59771 0.680356 0.141533 0.198917	(1 3 1 310 0.620741)
1 3 8 1000 0.575455 999 267 764 170 0.59773 0.681446 0.14202 0.197333	(1 3 1 310 0.620741)
1 3 9 10 0.553636 817 401 630 352 0.564569 0.624618 0.0923743 0.169023	(1 3 1 310 0.620741)
1 3 9 310 0.566818 970 277 754 199 0.575015 0.670584 0.119299 0.190078	(1 3 1 310 0.620741)
1 3 9 610 0.564545 973 269 762 196 0.575078 0.67011 0.113971 0.185292	(1 3 1 310 0.620741)
1 3 9 1000 0.563636 977 263 768 192 0.57495 0.670556 0.111932 0.182609	(1 3 1 310 0.620741)
1 3 10 10 0.544545 810 388 643 359 0.557014 0.617849 0.0729559 0.153828	(1 3 1 310 0.620741)
1 3 10 310 0.558182 943 285 746 226 0.558249 0.659902 0.0982038 0.180611	(1 3 1 310 0.620741)
1 3 10 610 0.556818 950 275 756 219 0.557485 0.66087 0.0949421 0.176968	(1 3 1 310 0.620741)
1 3 10 1000 0.555455 949 273 758 220 0.557624 0.659944 0.0916653 0.174801	(1 3 1 310 0.620741)
1 4 1 10 0.585909 736 553 478 433 0.624682 0.617709 0.16654 0.182137	(1 3 1 310 0.620741)
1 4 1 310 0.616818 836 521 510 333 0.664957 0.664811 0.225759 0.26938	(1 4 1 310 0.6211)
1 4 1 610 0.62 880 484 547 289 0.660223 0.677966 0.232291 0.284092	(1 4 1 310 0.6211)
1 4 1 1000 0.603636 907 421 610 262 0.65923 0.675354 0.198685 0.259868	(1 4 1 310 0.6211)
1 4 2 10 0.590909 756 544 487 413 0.625371 0.626866 0.175496 0.199707	(1 4 1 310 0.6211)
1 4 2 310 0.614091 838 513 518 331 0.666234 0.663762 0.220047 0.265784	(1 4 1 310 0.6211)
1 4 2 610 0.617273 867 491 540 302 0.662455 0.673137 0.226466 0.277533	(1 4 1 310 0.6211)
1 4 2 1000 0.615909 882 473 558 287 0.661578 0.676121 0.223808 0.277801	(1 4 1 310 0.6211)
1 4 3 10 0.595455 768 542 489 401 0.623149 0.633141 0.184201 0.211954	(1 4 1 310 0.6211)
1 4 3 310 0.609545 846 495 536 323 0.666791 0.663269 0.210443 0.260895	(1 4 1 310 0.6211)
1 4 3 610 0.613636 863 487 544 306 0.664193 0.670031 0.218877 0.271021	(1 4 1 310 0.6211)
1 4 3 1000 0.616364 873 483 548 296 0.66444 0.674131 0.224622 0.277159	(1 4 1 310 0.6211)
1 4 4 10 0.59 783 515 516 386 0.618855 0.634522 0.17182 0.210953	(1 4 1 310 0.6211)
1 4 4 310 0.606364 854 480 551 315 0.66625 0.663559 0.203707 0.257787	(1 4 1 310 0.6211)
1 4 4 610 0.610455 871 472 559 298 0.665371 0.670258 0.212267 0.267422	(1 4 1 310 0.6211)
1 4 4 1000 0.615455 877 477 554 292 0.665958 0.674615 0.222777 0.276348	(1 4 1 310 0.6211)
1 4 5 10 0.583182 786 497 534 383 0.615232 0.631579 0.1573 0.20241	(1 4 1 310 0.6211)
1 4 5 310 0.610909 894 450 581 275 0.663099 0.676248 0.213626 0.271046	(1 4 1 310 0.6211)
1 4 5 610 0.610455 893 450 581 276 0.663946 0.675747 0.212644 0.270215	(1 4 1 310 0.6211)
1 4 5 1000 0.610455 897 446 585 272 0.665285 0.676726 0.21276 0.27055	(1 4 1 310 0.6211)
1 4 6 10 0.584545 794 492 539 375 0.610827 0.634692 0.159736 0.207447	(1 4 1 310 0.6211)
1 4 6 310 0.607273 928 408 623 241 0.657433 0.682353 0.207437 0.265958	(1 4 1 310 0.6211)
1 4 6 610 0.606364 929 405 626 240 0.659617 0.682085 0.205559 0.264383	(1 4 1 310 0.6211)
1 4 6 1000 0.608182 942 396 635 227 0.661393 0.686089 0.210341 0.266755	(1 4 1 310 0.6211)
1 4 7 10 0.576364 796 472 559 373 0.604587 0.630745 0.142336 0.196296	(1 4 1 310 0.6211)
1 4 7 310 0.605909 955 378 653 214 0.648283 0.687793 0.206557 0.26152	(1 4 1 310 0.6211)
1 4 7 610 0.605909 970 363 668 199 0.651778 0.691129 0.208082 0.259292	(1 4 1 310 0.6211)
1 4 7 1000 0.603182 978 349 682 191 0.653636 0.69141 0.203057 0.25293	(1 4 1 310 0.6211)
1 4 8 10 0.575455 802 464 567 367 0.597629 0.631994 0.14009 0.197006	(1 4 1 310 0.6211)
1 4 8 310 0.600455 981 340 691 188 0.63804 0.690602 0.197412 0.247416	(1 4 1 310 0.6211)
1 4 8 610 0.597727 992 323 708 177 0.642259 0.69153 0.192757 0.239859	(1 4 1 310 0.6211)
1 4 8 1000 0.604545 1012 318 713 157 0.643808 0.699378 0.211195 0.246563	(1 4 1 310 0.6211)
1 4 9 10 0.566364 805 441 590 364 0.589914 0.627925 0.12055 0.184618	(1 4 1 310 0.6211)
1 4 9 310 0.590909 992 308 723 177 0.626116 0.687933 0.177345 0.227513	(1 4 1 310 0.6211)
1 4 9 610 0.595 1006 303 728 163 0.630244 0.693076 0.188633 0.230866	(1 4 1 310 0.6211)
1 4 9 1000 0.596364 1024 288 743 145 0.6317 0.697548 0.194919 0.227247	(1 4 1 310 0.6211)
1 4 10 10 0.565 817 426 605 352 0.582536 0.630645 0.116983 0.18597	(1 4 1 310 0.6211)
1 4 10 310 0.582727 993 289 742 176 0.612769 0.683884 0.158592 0.212407	(1 4 1 310 0.6211)
1 4 10 610 0.587727 1011 282 749 158 0.61598 0.690338 0.172613 0.215839	(1 4 1 310 0.6211)
1 4 10 1000 0.586364 1020 270 761 149 0.616866 0.691525 0.170832 0.210082	(1 4 1 310 0.6211)
1 5 1 10 0.586364 737 553 478 432 0.624743 0.618289 0.167415 0.183314	(1 4 1 310 0.6211)
1 5 1 310 0.616364 836 520 511 333 0.664757 0.664547 0.224815 0.268686	(1 4 1 310 0.6211)
1 5 1 610 0.621364 882 485 546 287 0.659861 0.679245 0.235163 0.286583	(1 4 1 310 0.6211)
1 5 1 1000 0.605455 918 414 617 251 0.658773 0.678994 0.20302 0.263061	(1 4 1 310 0.6211)
1 5 2 10 0.590455 750 549 482 419 0.626136 0.62474 0.174988 0.195969	(1 4 1 310 0.6211)
1 5 2 310 0.615909 838 517 514 331 0.665667 0.664816 0.22383 0.268565	(1 4 1 310 0.6211)
1 5 2 610 0.620455 874 491 540 295 0.661384 0.676732 0.233144 0.283852	(1 4 1 310 0.6211)
1 5 2 1000 0.614545 896 456 575 273 0.660406 0.678788 0.221312 0.277162	(1 4 1 310 0.6211)
1 5 3 10 0.593636 757 549 482 412 0.625087 0.628738 0.181152 0.203984	(1 4 1 310 0.6211)
1 5 3 310 0.612727 841 507 524 328 0.666363 0.663773 0.217154 0.264514	(1 4 1 310 0.6211)
1 5 3 610 0.618636 867 494 537 302 0.662834 0.673921 0.229302 0.279691	(1 4 1 310 0.6211)
1 5 3 1000 0.617727 879 480 551 290 0.662479 0.676414 0.227545 0.280293	(1 4 1 310 0.6211)
1 5 4 10 0.593182 766 539 492 403 0.623456 0.631232 0.179566 0.207814	(1 4 1 310 0.6211)
1 5 4 310 0.609091 846 494 537 323 0.666845 0.663009 0.209494 0.260193	(1 4 1 310 0.6211)
1 5 4 610 0.613636 863 487 544 306 0.664494 0.670031 0.218877 0.271021	(1 4 1 310 0.6211)
1 5 4 1000 0.617273 874 484 547 295 0.664602 0.674903 0.226527 0.278775	(1 4 1 310 0.6211)
1 5 5 10 0.585455 772 516 515 397 0.619509 0.628664 0.162933 0.199747	(1 4 1 310 0.6211)
1 5 5 310 0.604545 854 476 555 315 0.666266 0.662529 0.199897 0.254953	(1 4 1 310 0.6211)
1 5 5 610 0.608636 868 471 560 301 0.665206 0.668464 0.208443 0.264036	(1 4 1 310 0.6211)
1 5 5 1000 0.616818 879 478 553 290 0.665738 0.675894 0.225651 0.278834	(1 4 1 310 0.6211)
1 5 6 10 0.586818 787 504 527 382 0.617192 0.633911 0.164902 0.208028	(1 4 1 310 0.6211)
1 5 6 310 0.608636 881 458 573 288 0.66449 0.67175 0.20857 0.265967	(1 4 1 310 0.6211)
1 5 6 610 0.609091 885 455 576 284 0.664725 0.673004 0.209594 0.267183	(1 4 1 310 0.6211)
1 5 6 1000 0.609545 889 452 579 280 0.666012 0.674251 0.210633 0.268352	(1 4 1 310 0.6211)
1 5 7 10 0.585 787 500 531 382 0.614155 0.632891 0.161074 0.205417	(1 4 1 310 0.6211)
1 5 7 310 0.607727 909 428 603 260 0.661076 0.678105 0.207439 0.266712	(1 4 1 310 0.6211)
1 5 7 610 0.608636 912 427 604 257 0.662515 0.67933 0.209491 0.268308	(1 4 1 310 0.6211)
1 5 7 1000 0.606818 915 420 611 254 0.664228 0.679035 0.205775 0.265328	(1 4 1 310 0.6211)
1 5 8 10 0.584091 795 490 541 374 0.609808 0.634731 0.158725 0.207157	(1 4 1 310 0.6211)
1 5 8 310 0.607727 941 396 635 228 0.655739 0.68561 0.209292 0.266048	(1 4 1 310 0.6211)
1 5 8 610 0.604545 940 390 641 229 0.657895 0.683636 0.202396 0.260661	(1 4 1 310 0.6211)
1 5 8 1000 0.606818 953 382 649 216 0.659696 0.687838 0.208335 0.263342	(1 4 1 310 0.6211)
1 5 9 10 0.575455 795 471 560 374 0.604605 0.629952 0.140463 0.194624	(1 4 1 310 0.6211)
1 5 9 310 0.606818 963 372 659 206 0.648395 0.690075 0.2093 0.262023	(1 4 1 310 0.6211)
1 5 9 610 0.601364 973 350 681 196 0.651697 0.689338 0.198484 0.250684	(1 4 1 310 0.6211)
1 5 9 1000 0.600455 983 338 693 186 0.653494 0.691037 0.19766 0.24697	(1 4 1 310 0.6211)
1 5 10 10 0.573636 802 460 571 367 0.59912 0.630999 0.136227 0.194344	(1 4 1 310 0.6211)
1 5 10 310 0.601818 989 335 696 180 0.640661 0.693062 0.201466 0.248013	(1 4 1 310 0.6211)
1 5 10 610 0.600455 1001 320 711 168 0.64446 0.694898 0.20018 0.242355	(1 4 1 310 0.6211)
1 5 10 1000 0.601818 1017 307 724 152 0.646268 0.698969 0.206004 0.239882	(1 4 1 310 0.6211)
1 6 1 10 0.586818 738 553 478 431 0.624782 0.618868 0.168289 0.184489	(1 4 1 310 0.6211)
1 6 1 310 0.618182 838 522 509 331 0.664667 0.666137 0.228554 0.272041	(1 6 1 310 0.622123)
1 6 1 610 0.62 880 484 547 289 0.659646 0.677966 0.232291 0.284092	(1 6 1 310 0.622123)
1 6 1 1000 0.605909 923 410 621 246 0.658479 0.680428 0.204244 0.263777	(1 6 1 310 0.622123)
1 6 2 10 0.590455 748 551 480 421 0.626489 0.624113 0.175142 0.194905	(1 6 1 310 0.622123)
1 6 2 310 0.617273 838 520 511 331 0.665285 0.665608 0.226665 0.270651	(1 6 1 310 0.622123)
1 6 2 610 0.620455 876 489 542 293 0.660685 0.677232 0.233171 0.284188	(1 6 1 310 0.622123)
1 6 2 1000 0.605 897 434 597 272 0.659534 0.673676 0.201255 0.261619	(1 6 1 310 0.622123)
1 6 3 10 0.589545 748 549 482 421 0.626276 0.623593 0.17323 0.193664	(1 6 1 310 0.622123)
1 6 3 310 0.613636 836 514 517 333 0.666002 0.662966 0.21914 0.264524	(1 6 1 310 0.622123)
1 6 3 610 0.617727 868 491 540 301 0.661982 0.673652 0.227418 0.27844	(1 6 1 310 0.622123)
1 6 3 1000 0.614545 883 469 562 286 0.661099 0.675593 0.220981 0.275739	(1 6 1 310 0.622123)
1 6 4 10 0.590455 753 546 485 416 0.625212 0.625675 0.174762 0.197539	(1 6 1 310 0.622123)
1 6 4 310 0.613182 842 507 524 327 0.666581 0.6643 0.218084 0.265478	(1 6 1 310 0.622123)
1 6 4 610 0.617273 863 495 536 306 0.663295 0.672118 0.22645 0.276749	(1 6 1 310 0.622123)
1 6 4 1000 0.616364 876 480 551 293 0.663044 0.674884 0.224659 0.277647	(1 6 1 310 0.622123)
1 6 5 10 0.590455 763 536 495 406 0.623334 0.62876 0.174043 0.202559	(1 6 1 310 0.622123)
1 6 5 310 0.608636 847 492 539 322 0.666752 0.663014 0.208532 0.259733	(1 6 1 310 0.622123)
1 6 5 610 0.613182 867 482 549 302 0.664558 0.670793 0.217941 0.271058	(1 6 1 310 0.622123)
1 6 5 1000 0.617727 875 484 547 294 0.664726 0.675415 0.227486 0.279666	(1 6 1 310 0.622123)
1 6 6 10 0.587273 771 521 510 398 0.620121 0.629388 0.166822 0.201858	(1 6 1 310 0.622123)
1 6 6 310 0.604545 854 476 555 315 0.666426 0.662529 0.199897 0.254953	(1 6 1 310 0.622123)
1 6 6 610 0.609091 867 473 558 302 0.665308 0.668466 0.209391 0.264584	(1 6 1 310 0.622123)
1 6 6 1000 0.617727 879 480 551 290 0.665802 0.676414 0.227545 0.280293	(1 6 1 310 0.622123)
1 6 7 10 0.588636 785 510 521 384 0.618117 0.634343 0.168839 0.209829	(1 6 1 310 0.622123)
1 6 7 310 0.606818 873 462 569 296 0.66514 0.668709 0.20466 0.261948	(1 6 1 310 0.622123)
1 6 7 610 0.61 879 463 568 290 0.665051 0.672018 0.211401 0.267895	(1 6 1 310 0.622123)
1 6 7 1000 0.613636 884 466 565 285 0.666196 0.675325 0.2191 0.274401	(1 6 1 310 0.622123)
1 6 8 10 0.586818 789 502 529 380 0.615706 0.634499 0.164792 0.20882	(1 6 1 310 0.622123)
1 6 8 310 0.608182 899 439 592 270 0.663097 0.67594 0.208036 0.266969	(1 6 1 310 0.622123)
1 6 8 610 0.610455 900 443 588 269 0.663891 0.677456 0.212857 0.270767	(1 6 1 310 0.622123)
1 6 8 1000 0.609091 906 434 597 263 0.665346 0.678144 0.210201 0.268855	(1 6 1 310 0.622123)
1 6 9 10 0.583636 790 494 537 379 0.612826 0.633013 0.158034 0.204622	(1 6 1 310 0.622123)
1 6 9 310 0.606364 924 410 621 245 0.659487 0.680914 0.205268 0.264524	(1 6 1 310 0.622123)
1 6 9 610 0.606818 927 408 623 242 0.661105 0.681868 0.206408 0.265219	(1 6 1 310 0.622123)
1 6 9 1000 0.606364 936 398 633 233 0.662767 0.683711 0.206013 0.264046	(1 6 1 310 0.622123)
1 6 10 10 0.578636 793 480 551 376 0.608976 0.631118 0.147311 0.19852	(1 6 1 310 0.622123)
1 6 10 310 0.605455 949 383 648 220 0.654636 0.686189 0.205051 0.261415	(1 6 1 310 0.622123)
1 6 10 610 0.602273 957 368 663 212 0.657017 0.686267 0.198861 0.254914	(1 6 1 310 0.622123)
1 6 10 1000 0.600909 965 357 674 204 0.658945 0.687322 0.196644 0.25131	(1 6 1 310 0.622123)
1 7 1 10 0.586364 739 551 480 430 0.624829 0.618928 0.16725 0.184436	(1 6 1 310 0.622123)
1 7 1 310 0.618182 838 522 509 331 0.664595 0.666137 0.228554 0.272041	(1 6 1 310 0.622123)
1 7 1 610 0.62 880 484 547 289 0.659452 0.677966 0.232291 0.284092	(1 6 1 310 0.622123)
1 7 1 1000 0.607727 928 409 622 241 0.658293 0.682604 0.208405 0.266728	(1 6 1 310 0.622123)
1 7 2 10 0.590455 750 549 482 419 0.626647 0.62474 0.174988 0.195969	(1 6 1 310 0.622123)
1 7 2 310 0.617273 838 520 511 331 0.664963 0.665608 0.226665 0.270651	(1 6 1 310 0.622123)
1 7 2 610 0.62 877 487 544 292 0.660283 0.67722 0.232241 0.283624	(1 6 1 310 0.622123)
1 7 2 1000 0.602273 903 422 609 266 0.659125 0.673629 0.19565 0.257468	(1 6 1 310 0.622123)
1 7 3 10 0.59 743 555 476 426 0.626784 0.622278 0.17458 0.191571	(1 6 1 310 0.622123)
1 7 3 310 0.614545 835 517 514 334 0.665646 0.663225 0.221054 0.265623	(1 6 1 310 0.622123)
1 7 3 610 0.619545 871 492 539 298 0.6613 0.675456 0.231222 0.281876	(1 6 1 310 0.622123)
1 7 3 1000 0.613636 893 457 574 276 0.660259 0.677542 0.219318 0.275402	(1 6 1 310 0.622123)
1 7 4 10 0.591364 748 553 478 421 0.626514 0.624635 0.177054 0.196146	(1 6 1 310 0.622123)
1 7 4 310 0.614091 838 513 518 331 0.666257 0.663762 0.220047 0.265784	(1 6 1 310 0.622123)
1 7 4 610 0.618182 867 493 538 302 0.662546 0.67366 0.228357 0.278971	(1 6 1 310 0.622123)
1 7 4 1000 0.616818 880 477 554 289 0.661757 0.676143 0.225668 0.278981	(1 6 1 310 0.622123)
1 7 5 10 0.593636 757 549 482 412 0.625092 0.628738 0.181152 0.203984	(1 6 1 310 0.622123)
1 7 5 310 0.613182 845 504 527 324 0.666518 0.665092 0.21804 0.266258	(1 6 1 310 0.622123)
1 7 5 610 0.615909 864 491 540 305 0.663483 0.67159 0.223615 0.274799	(1 6 1 310 0.622123)
1 7 5 1000 0.616818 876 481 550 293 0.663433 0.675145 0.225606 0.278374	(1 6 1 310 0.622123)
1 7 6 10 0.589091 761 535 496 408 0.62331 0.62737 0.171317 0.199687	(1 6 1 310 0.622123)
1 7 6 310 0.607727 847 490 541 322 0.666706 0.662495 0.206632 0.258327	(1 6 1 310 0.622123)
1 7 6 610 0.612727 866 482 549 303 0.664678 0.670279 0.216988 0.270156	(1 6 1 310 0.622123)
1 7 6 1000 0.617727 875 484 547 294 0.664877 0.675415 0.227486 0.279666	(1 6 1 310 0.622123)
1 7 7 10 0.588182 772 522 509 397 0.620545 0.630204 0.168669 0.20359	(1 6 1 310 0.622123)
1 7 7 310 0.605 854 477 554 315 0.66664 0.662786 0.20085 0.255661	(1 6 1 310 0.622123)
1 7 7 610 0.609545 867 474 557 302 0.665377 0.668723 0.210342 0.265303	(1 6 1 310 0.622123)
1 7 7 1000 0.617273 879 479 552 290 0.665912 0.676154 0.226598 0.279564	(1 6 1 310 0.622123)
1 7 8 10 0.591364 785 516 515 384 0.618535 0.635885 0.17457 0.213737	(1 6 1 310 0.622123)
1 7 8 310 0.607727 871 466 565 298 0.665643 0.668714 0.206553 0.263086	(1 6 1 310 0.622123)
1 7 8 610 0.61 880 462 569 289 0.665198 0.672269 0.211416 0.268029	(1 6 1 310 0.622123)
1 7 8 1000 0.613636 883 467 564 286 0.66611 0.675076 0.219081 0.274273	(1 6 1 310 0.622123)
1 7 9 10 0.584091 784 501 530 385 0.616854 0.631494 0.159331 0.202913	(1 6 1 310 0.622123)
1 7 9 310 0.608636 892 447 584 277 0.664082 0.67448 0.208794 0.267163	(1 6 1 310 0.622123)
1 7 9 610 0.609545 891 450 581 278 0.664393 0.674744 0.210681 0.268549	(1 6 1 310 0.622123)
1 7 9 1000 0.608636 898 441 590 271 0.665812 0.67595 0.208963 0.267646	(1 6 1 310 0.622123)
1 7 10 10 0.585909 791 498 533 378 0.614481 0.634577 0.162769 0.208286	(1 6 1 310 0.622123)
1 7 10 310 0.605455 911 421 610 258 0.661694 0.677323 0.202704 0.262991	(1 6 1 310 0.622123)
1 7 10 610 0.61 920 422 609 249 0.662858 0.681987 0.21277 0.270684	(1 6 1 310 0.622123)
1 7 10 1000 0.604545 921 409 622 248 0.66456 0.679204 0.201232 0.261512	(1 6 1 310 0.622123)
1 8 1 10 0.586364 739 551 480 430 0.62486 0.618928 0.16725 0.184436	(1 6 1 310 0.622123)
1 8 1 310 0.618182 838 522 509 331 0.664525 0.666137 0.228554 0.272041	(1 6 1 310 0.622123)
1 8 1 610 0.62 881 483 548 288 0.659366 0.678214 0.232309 0.284242	(1 6 1 310 0.622123)
1 8 1 1000 0.607273 929 407 624 240 0.658079 0.682586 0.207498 0.265925	(1 6 1 310 0.622123)
1 8 2 10 0.590455 749 550 481 420 0.626706 0.624427 0.175065 0.195438	(1 6 1 310 0.622123)
1 8 2 310 0.616818 837 520 511 332 0.664798 0.665077 0.225739 0.269669	(1 6 1 310 0.622123)
1 8 2 610 0.619545 877 486 545 292 0.659941 0.676959 0.231296 0.282897	(1 6 1 310 0.622123)
1 8 2 1000 0.604545 913 417 614 256 0.658759 0.6773 0.200856 0.261512	(1 6 1 310 0.622123)
1 8 3 10 0.589091 742 554 477 427 0.627203 0.621441 0.172748 0.189787	(1 6 1 310 0.622123)
1 8 3 310 0.616818 835 522 509 334 0.665398 0.664544 0.22578 0.269087	(1 6 1 310 0.622123)
1 8 3 610 0.620455 873 492 539 296 0.660742 0.676482 0.233132 0.283678	(1 6 1 310 0.622123)
1 8 3 1000 0.610455 897 446 585 272 0.659684 0.676726 0.21276 0.27055	(1 6 1 310 0.622123)
1 8 4 10 0.590909 745 555 476 424 0.627126 0.623431 0.176333 0.193903	(1 6 1 310 0.622123)
1 8 4 310 0.613636 835 515 516 334 0.666001 0.662698 0.219162 0.264237	(1 6 1 310 0.622123)
1 8 4 610 0.618636 869 492 539 300 0.661827 0.674428 0.229315 0.280067	(1 6 1 310 0.622123)
1 8 4 1000 0.614091 884 467 564 285 0.660848 0.675583 0.220051 0.275135	(1 6 1 310 0.622123)
1 8 5 10 0.594091 752 555 476 417 0.626341 0.627451 0.182479 0.202011	(1 6 1 310 0.622123)
1 8 5 310 0.612727 840 508 523 329 0.666348 0.663507 0.217171 0.264246	(1 6 1 310 0.622123)
1 8 5 610 0.617273 865 493 538 304 0.662767 0.672628 0.226456 0.277148	(1 6 1 310 0.622123)
1 8 5 1000 0.617273 881 477 554 288 0.662347 0.676651 0.226633 0.279856	(1 6 1 310 0.622123)
1 8 6 10 0.593636 759 547 484 410 0.624827 0.629353 0.181008 0.204999	(1 6 1 310 0.622123)
1 8 6 310 0.611818 847 499 532 322 0.666567 0.664835 0.215173 0.264652	(1 6 1 310 0.622123)
1 8 6 610 0.613636 862 488 543 307 0.663677 0.669775 0.218876 0.270823	(1 6 1 310 0.622123)
1 8 6 1000 0.616364 875 481 550 294 0.663653 0.674634 0.224646 0.277488	(1 6 1 310 0.622123)
1 8 7 10 0.590455 759 540 491 410 0.623174 0.627532 0.174324 0.200591	(1 6 1 310 0.622123)
1 8 7 310 0.606364 847 487 544 322 0.666751 0.661719 0.20378 0.256219	(1 6 1 310 0.622123)
1 8 7 610 0.612273 866 481 550 303 0.664803 0.670019 0.216039 0.269438	(1 6 1 310 0.622123)
1 8 7 1000 0.616364 875 481 550 294 0.665027 0.674634 0.224646 0.277488	(1 6 1 310 0.622123)
1 8 8 10 0.587273 771 521 510 398 0.620705 0.629388 0.166822 0.201858	(1 6 1 310 0.622123)
1 8 8 310 0.605909 853 480 551 316 0.666642 0.663039 0.202763 0.256865	(1 6 1 310 0.622123)
1 8 8 610 0.611364 870 475 556 299 0.665227 0.67052 0.214161 0.268701	(1 6 1 310 0.622123)
1 8 8 1000 0.616818 880 477 554 289 0.665735 0.676143 0.225668 0.278981	(1 6 1 310 0.622123)
1 8 9 10 0.589091 780 516 515 389 0.619083 0.633117 0.170085 0.208389	(1 6 1 310 0.622123)
1 8 9 310 0.608182 868 470 561 301 0.665883 0.668206 0.20749 0.263316	(1 6 1 310 0.622123)
1 8 9 610 0.611364 880 465 566 289 0.665162 0.67304 0.214273 0.270219	(1 6 1 310 0.622123)
1 8 9 1000 0.614091 883 468 563 286 0.665909 0.675335 0.220031 0.275006	(1 6 1 310 0.622123)
1 8 10 10 0.586364 785 505 526 384 0.617463 0.633065 0.164059 0.206572	(1 6 1 310 0.622123)
1 8 10 310 0.608182 887 451 580 282 0.664707 0.672989 0.207723 0.265933	(1 6 1 310 0.622123)
1 8 10 610 0.609091 888 452 579 281 0.66472 0.673748 0.209656 0.267511	(1 6 1 310 0.622123)
1 8 10 1000 0.61 896 446 585 273 0.665974 0.676226 0.211773 0.269728	(1 6 1 310 0.622123)
1 9 1 10 0.586364 739 551 480 430 0.624859 0.618928 0.16725 0.184436	(1 6 1 310 0.622123)
1 9 1 310 0.618636 838 523 508 331 0.664472 0.666402 0.229498 0.272737	(1 9 1 310 0.622585)
1 9 1 610 0.618636 879 482 549 290 0.659325 0.676935 0.229437 0.281752	(1 9 1 310 0.622585)
1 9 1 1000 0.606364 930 404 627 239 0.657983 0.682318 0.20562 0.264345	(1 9 1 310 0.622585)
1 9 2 10 0.591364 750 551 480 419 0.62678 0.625261 0.1769 0.197213	(1 9 1 310 0.622585)
1 9 2 310 0.618182 839 521 510 330 0.664635 0.666402 0.228535 0.272327	(1 9 1 310 0.622585)
1 9 2 610 0.620455 879 486 545 290 0.659653 0.677979 0.233218 0.284669	(1 9 1 310 0.622585)
1 9 2 1000 0.605909 918 415 616 251 0.658477 0.679245 0.203987 0.263822	(1 9 1 310 0.622585)
1 9 3 10 0.587273 739 553 478 430 0.627521 0.619447 0.169164 0.185662	(1 9 1 310 0.622585)
1 9 3 310 0.616818 833 524 507 336 0.665143 0.66401 0.225825 0.268491	(1 9 1 310 0.622585)
1 9 3 610 0.621364 875 492 539 294 0.660438 0.677507 0.235045 0.285474	(1 9 1 310 0.622585)
1 9 3 1000 0.605 899 432 599 270 0.659257 0.674166 0.201313 0.261747	(1 9 1 310 0.622585)
1 9 4 10 0.59 742 556 475 427 0.627433 0.621961 0.174661 0.191019	(1 9 1 310 0.622585)
1 9 4 310 0.614091 834 517 514 335 0.665695 0.662694 0.22013 0.264639	(1 9 1 310 0.622585)
1 9 4 610 0.619545 871 492 539 298 0.66129 0.675456 0.231222 0.281876	(1 9 1 310 0.622585)
1 9 4 1000 0.614545 894 458 573 275 0.660256 0.6783 0.221251 0.27698	(1 9 1 310 0.622585)
1 9 5 10 0.593636 745 561 470 424 0.62684 0.625 0.182069 0.197611	(1 9 1 310 0.622585)
1 9 5 310 0.614091 836 515 516 333 0.666124 0.663229 0.220087 0.265218	(1 9 1 310 0.622585)
1 9 5 610 0.616818 866 491 540 303 0.662235 0.672621 0.225515 0.276623	(1 9 1 310 0.622585)
1 9 5 1000 0.616364 881 475 556 288 0.661352 0.676132 0.224738 0.278394	(1 9 1 310 0.622585)
1 9 6 10 0.590909 749 551 480 420 0.625761 0.624687 0.176021 0.19606	(1 9 1 310 0.622585)
1 9 6 310 0.613182 842 507 524 327 0.666313 0.6643 0.218084 0.265478	(1 9 1 310 0.622585)
1 9 6 610 0.617727 866 493 538 303 0.66292 0.673144 0.227406 0.27806	(1 9 1 310 0.622585)
1 9 6 1000 0.618182 879 481 550 290 0.662627 0.676674 0.228491 0.281022	(1 9 1 310 0.622585)
1 9 7 10 0.591818 753 549 482 416 0.624713 0.626456 0.177628 0.199414	(1 9 1 310 0.622585)
1 9 7 310 0.612727 849 499 532 320 0.666598 0.665882 0.217045 0.266545	(1 9 1 310 0.622585)
1 9 7 610 0.612727 862 486 545 307 0.663897 0.669255 0.21698 0.269393	(1 9 1 310 0.622585)
1 9 7 1000 0.615455 873 481 550 296 0.66399 0.673611 0.222728 0.27571	(1 9 1 310 0.622585)
1 9 8 10 0.590909 759 541 490 410 0.62323 0.627792 0.175279 0.201221	(1 9 1 310 0.622585)
1 9 8 310 0.607273 850 486 545 319 0.666792 0.663027 0.205646 0.258321	(1 9 1 310 0.622585)
1 9 8 610 0.612727 866 482 549 303 0.664709 0.670279 0.216988 0.270156	(1 9 1 310 0.622585)
1 9 8 1000 0.616364 876 480 551 293 0.66492 0.674884 0.224659 0.277647	(1 9 1 310 0.622585)
1 9 9 10 0.589091 771 525 506 398 0.62123 0.630417 0.170644 0.204417	(1 9 1 310 0.622585)
1 9 9 310 0.606818 854 481 550 315 0.66661 0.663817 0.204659 0.258496	(1 9 1 310 0.622585)
1 9 9 610 0.610909 870 474 557 299 0.66504 0.670262 0.213211 0.267979	(1 9 1 310 0.622585)
1 9 9 1000 0.617273 881 477 554 288 0.665467 0.676651 0.226633 0.279856	(1 9 1 310 0.622585)
1 9 10 10 0.587273 776 516 515 393 0.619411 0.630894 0.166506 0.204082	(1 9 1 310 0.622585)
1 9 10 310 0.607727 866 471 560 303 0.666081 0.667437 0.206531 0.262253	(1 9 1 310 0.622585)
1 9 10 610 0.611364 878 467 564 291 0.665227 0.672539 0.214244 0.269942	(1 9 1 310 0.622585)
1 9 10 1000 0.611818 881 465 566 288 0.66592 0.673547 0.215241 0.271084	(1 9 1 310 0.622585)
1 10 1 10 0.586364 739 551 480 430 0.624869 0.618928 0.16725 0.184436	(1 9 1 310 0.622585)
1 10 1 310 0.618636 838 523 508 331 0.664448 0.666402 0.229498 0.272737	(1 9 1 310 0.622585)
1 10 1 610 0.618182 879 481 550 290 0.659274 0.676674 0.228491 0.281022	(1 9 1 310 0.622585)
1 10 1 1000 0.607727 933 404 627 236 0.657854 0.683767 0.208723 0.266533	(1 9 1 310 0.622585)
1 10 2 10 0.591818 751 551 480 418 0.626801 0.625833 0.177779 0.198365	(1 9 1 310 0.622585)
1 10 2 310 0.618182 839 521 510 330 0.664433 0.666402 0.228535 0.272327	(1 9 1 310 0.622585)
1 10 2 610 0.620455 880 485 546 289 0.659473 0.678227 0.233236 0.284822	(1 9 1 310 0.622585)
1 10 2 1000 0.606364 922 412 619 247 0.65829 0.680443 0.205159 0.264557	(1 9 1 310 0.622585)
1 10 3 10 0.586818 737 554 477 432 0.627622 0.618548 0.168372 0.183925	(1 9 1 310 0.622585)
1 10 3 310 0.616818 834 523 508 335 0.664898 0.664277 0.225802 0.268791	(1 9 1 310 0.622585)
1 10 3 610 0.622727 878 492 539 291 0.66024 0.679041 0.23792 0.288154	(1 9 1 310 0.622585)
1 10 3 1000 0.603182 900 427 604 269 0.659026 0.673401 0.197489 0.258819	(1 9 1 310 0.622585)
1 10 4 10 0.591818 743 559 472 426 0.627753 0.623322 0.178406 0.194037	(1 9 1 310 0.622585)
1 10 4 310 0.615455 834 520 511 335 0.66554 0.663484 0.222967 0.266715	(1 9 1 310 0.622585)
1 10 4 610 0.619545 872 491 540 297 0.660896 0.675707 0.231232 0.282054	(1 9 1 310 0.622585)
1 10 4 1000 0.612727 896 452 579 273 0.659727 0.677761 0.217502 0.274189	(1 9 1 310 0.622585)
1 10 5 10 0.592727 744 560 471 425 0.627108 0.624161 0.180237 0.195824	(1 9 1 310 0.622585)
1 10 5 310 0.613636 834 516 515 335 0.66594 0.662431 0.219183 0.263947	(1 9 1 310 0.622585)
1 10 5 610 0.617727 870 489 542 299 0.661713 0.674157 0.227433 0.278807	(1 9 1 310 0.622585)
1 10 5 1000 0.614091 886 465 566 283 0.660756 0.676078 0.220093 0.275382	(1 9 1 310 0.622585)
1 10 6 10 0.590455 743 556 475 426 0.626226 0.622539 0.175537 0.192188	(1 9 1 310 0.622585)
1 10 6 310 0.614091 838 513 518 331 0.666163 0.663762 0.220047 0.265784	(1 9 1 310 0.622585)
1 10 6 610 0.616818 866 491 540 303 0.662456 0.672621 0.225515 0.276623	(1 9 1 310 0.622585)
1 10 6 1000 0.617727 881 478 553 288 0.661666 0.676911 0.22758 0.280587	(1 9 1 310 0.622585)
1 10 7 10 0.591364 749 552 479 420 0.625444 0.624948 0.176977 0.196681	(1 9 1 310 0.622585)
1 10 7 310 0.612727 843 505 526 326 0.666437 0.664303 0.217122 0.265042	(1 9 1 310 0.622585)
1 10 7 610 0.615 862 491 540 307 0.663181 0.670556 0.221718 0.272969	(1 9 1 310 0.622585)
1 10 7 1000 0.616818 876 481 550 293 0.662982 0.675145 0.225606 0.278374	(1 9 1 310 0.622585)
1 10 8 10 0.594545 757 551 480 412 0.624611 0.62926 0.183062 0.20524	(1 9 1 310 0.622585)
1 10 8 310 0.613182 850 499 532 319 0.666636 0.666405 0.217982 0.26749	(1 9 1 310 0.622585)
1 10 8 610 0.613636 865 485 546 304 0.663922 0.670543 0.218882 0.271406	(1 9 1 310 0.622585)
1 10 8 1000 0.615909 875 480 551 294 0.664025 0.674374 0.223698 0.276762	(1 9 1 310 0.622585)
1 10 9 10 0.591818 761 541 490 408 0.623377 0.628926 0.177047 0.203476	(1 9 1 310 0.622585)
1 10 9 310 0.608636 852 487 544 317 0.666743 0.664327 0.208479 0.26089	(1 9 1 310 0.622585)
1 10 9 610 0.612727 867 481 550 302 0.664575 0.670534 0.216993 0.270339	(1 9 1 310 0.622585)
1 10 9 1000 0.615455 875 479 552 294 0.66482 0.674114 0.222751 0.276036	(1 9 1 310 0.622585)
1 10 10 10 0.589545 770 527 504 399 0.621342 0.630372 0.171664 0.204598	(1 9 1 310 0.622585)
1 10 10 310 0.607273 854 482 549 315 0.666616 0.664075 0.20561 0.259204	(1 9 1 310 0.622585)
1 10 10 610 0.610909 871 473 558 298 0.665047 0.670516 0.213218 0.268145	(1 9 1 310 0.622585)
1 10 10 1000 0.617727 882 477 554 287 0.665452 0.677159 0.227599 0.280729	(1 9 1 310 0.622585)
1 11 1 10 0.586364 739 551 480 430 0.62488 0.618928 0.16725 0.184436	(1 9 1 310 0.622585)
1 11 1 310 0.618636 838 523 508 331 0.664429 0.666402 0.229498 0.272737	(1 9 1 310 0.622585)
1 11 1 610 0.618182 879 481 550 290 0.659244 0.676674 0.228491 0.281022	(1 9 1 310 0.622585)
1 11 1 1000 0.607273 934 402 629 235 0.657787 0.683748 0.20782 0.265709	(1 9 1 310 0.622585)
1 11 2 10 0.591818 751 551 480 418 0.626841 0.625833 0.177779 0.198365	(1 9 1 310 0.622585)
1 11 2 310 0.619091 839 523 508 330 0.664378 0.666932 0.230423 0.273719	(1 11 2 310 0.622866)
1 11 2 610 0.620455 881 484 547 288 0.659321 0.678475 0.233254 0.284973	(1 11 2 310 0.622866)
1 11 2 1000 0.605909 923 410 621 246 0.658223 0.680428 0.204244 0.263777	(1 11 2 310 0.622866)
1 11 3 10 0.585909 737 552 479 432 0.627701 0.618029 0.166457 0.182702	(1 11 2 310 0.622866)
1 11 3 310 0.616364 833 523 508 336 0.664764 0.663745 0.22488 0.2678	(1 11 2 310 0.622866)
1 11 3 610 0.622273 878 491 540 291 0.65996 0.678779 0.236977 0.287426	(1 11 2 310 0.622866)
1 11 3 1000 0.602727 905 421 610 264 0.658801 0.674367 0.196682 0.258296	(1 11 2 310 0.622866)
1 11 4 10 0.59 742 556 475 427 0.62799 0.621961 0.174661 0.191019	(1 11 2 310 0.622866)
1 11 4 310 0.615909 833 522 509 336 0.665299 0.663481 0.223935 0.267109	(1 11 2 310 0.622866)
1 11 4 610 0.621364 875 492 539 294 0.660628 0.677507 0.235045 0.285474	(1 11 2 310 0.622866)
1 11 4 1000 0.609091 898 442 589 271 0.659332 0.676205 0.209921 0.268391	(1 11 2 310 0.622866)
1 11 5 10 0.591364 741 560 471 428 0.627458 0.622428 0.177611 0.192307	(1 11 2 310 0.622866)
1 11 5 310 0.614545 834 518 513 335 0.665675 0.662957 0.221075 0.265331	(1 11 2 310 0.622866)
1 11 5 610 0.619545 871 492 539 298 0.661322 0.675456 0.231222 0.281876	(1 11 2 310 0.622866)
1 11 5 1000 0.614545 893 459 572 276 0.660199 0.678056 0.221221 0.276884	(1 11 2 310 0.622866)
1 11 6 10 0.591818 742 560 471 427 0.626579 0.623006 0.178486 0.193481	(1 11 2 310 0.622866)
1 11 6 310 0.613636 834 516 515 335 0.665929 0.662431 0.219183 0.263947	(1 11 2 310 0.622866)
1 11 6 610 0.617727 868 491 540 301 0.662018 0.673652 0.227418 0.27844	(1 11 2 310 0.622866)
1 11 6 1000 0.615909 882 473 558 287 0.661015 0.676121 0.223808 0.277801	(1 11 2 310 0.622866)
1 11 7 10 0.59 742 556 475 427 0.626208 0.621961 0.174661 0.191019	(1 11 2 310 0.622866)
1 11 7 310 0.612727 839 509 522 330 0.666287 0.663241 0.217189 0.263973	(1 11 2 310 0.622866)
1 11 7 610 0.617727 867 492 539 302 0.662703 0.673398 0.227411 0.278252	(1 11 2 310 0.622866)
1 11 7 1000 0.616364 879 477 554 290 0.662148 0.675634 0.224703 0.278105	(1 11 2 310 0.622866)
1 11 8 10 0.591364 749 552 479 420 0.625351 0.624948 0.176977 0.196681	(1 11 2 310 0.622866)
1 11 8 310 0.613636 845 505 526 324 0.666478 0.665354 0.218987 0.266959	(1 11 2 310 0.622866)
1 11 8 610 0.616364 864 492 539 305 0.663281 0.671851 0.224561 0.275516	(1 11 2 310 0.622866)
1 11 8 1000 0.617727 876 483 548 293 0.663159 0.675665 0.227499 0.279827	(1 11 2 310 0.622866)
1 11 9 10 0.593636 755 551 480 414 0.624811 0.62812 0.181299 0.202955	(1 11 2 310 0.622866)
1 11 9 310 0.612727 850 498 533 319 0.666636 0.666144 0.217035 0.266784	(1 11 2 310 0.622866)
1 11 9 610 0.613182 865 484 547 304 0.663849 0.670283 0.217934 0.270688	(1 11 2 310 0.622866)
1 11 9 1000 0.615 875 478 553 294 0.664009 0.673854 0.221803 0.27531	(1 11 2 310 0.622866)
1 11 10 10 0.591818 761 541 490 408 0.623299 0.628926 0.177047 0.203476	(1 11 2 310 0.622866)
1 11 10 310 0.608636 852 487 544 317 0.666689 0.664327 0.208479 0.26089	(1 11 2 310 0.622866)
1 11 10 610 0.613636 870 480 551 299 0.664572 0.671815 0.218908 0.27231	(1 11 2 310 0.622866)
1 11 10 1000 0.616364 878 478 553 291 0.664843 0.675385 0.224688 0.277956	(1 11 2 310 0.622866)
