# All Parameter Sets
# [alpha] [beta] [ks] [kt] [ACC] [TP] [TN] [FP] [FN] [AUC] [FM] [MCC] [PB] (the best parameter set so far)
1 1 1 2000 0.535 373 804 403 620 0.530899 0.421707 0.0434744 -0.0705085	(1 1 1 2000 0.421707)
1 1 2 2000 0.508182 754 364 843 239 0.539121 0.582239 0.0679295 0.181331	(1 1 2 2000 0.582239)
1 1 3 2000 0.499091 756 342 865 237 0.530582 0.578424 0.0504866 0.168856	(1 1 2 2000 0.582239)
1 1 4 2000 0.503182 729 378 829 264 0.519803 0.571541 0.0517904 0.171762	(1 1 2 2000 0.582239)
1 1 5 2000 0.496364 703 389 818 290 0.515567 0.559268 0.0325795 0.157997	(1 1 2 2000 0.582239)
1 1 6 2000 0.491364 686 395 812 307 0.513376 0.550783 0.0193164 0.147446	(1 1 2 2000 0.582239)
1 1 7 2000 0.496818 681 412 795 312 0.515785 0.55164 0.0287455 0.152875	(1 1 2 2000 0.582239)
1 1 8 2000 0.492727 682 402 805 311 0.51284 0.55 0.0211209 0.148048	(1 1 2 2000 0.582239)
1 1 9 2000 0.489091 675 401 806 318 0.510258 0.545675 0.0127173 0.141463	(1 1 2 2000 0.582239)
1 1 10 2000 0.485 670 397 810 323 0.509937 0.541852 0.00385799 0.13488	(1 1 2 2000 0.582239)
1 2 1 2000 0.562727 104 1134 73 889 0.517028 0.177778 0.0809622 -0.560998	(1 1 2 2000 0.582239)
1 2 2 2000 0.538636 348 837 370 645 0.534375 0.40678 0.0466 -0.104083	(1 1 2 2000 0.582239)
1 2 3 2000 0.514091 632 499 708 361 0.533539 0.541792 0.0508658 0.154392	(1 1 2 2000 0.582239)
1 2 4 2000 0.500455 773 328 879 220 0.534174 0.584499 0.0577581 0.17116	(1 2 4 2000 0.584499)
1 2 5 2000 0.490909 798 282 925 195 0.535118 0.587629 0.0449985 0.156031	(1 2 5 2000 0.587629)
1 2 6 2000 0.495455 782 308 899 211 0.533036 0.584892 0.0500373 0.16381	(1 2 5 2000 0.587629)
1 2 7 2000 0.502727 764 342 865 229 0.531251 0.582761 0.0598592 0.17425	(1 2 5 2000 0.587629)
1 2 8 2000 0.499091 740 358 849 253 0.524609 0.573199 0.046465 0.167628	(1 2 5 2000 0.587629)
1 2 9 2000 0.502273 723 382 825 270 0.519723 0.569067 0.0485844 0.16961	(1 2 5 2000 0.587629)
1 2 10 2000 0.500455 715 386 821 278 0.516704 0.565441 0.04319 0.165789	(1 2 5 2000 0.587629)
1 3 1 2000 0.552727 32 1184 23 961 0.511856 0.0610687 0.041978 -0.73892	(1 2 5 2000 0.587629)
1 3 2 2000 0.563182 177 1062 145 816 0.522 0.269202 0.0818167 -0.398716	(1 2 5 2000 0.587629)
1 3 3 2000 0.541364 343 848 359 650 0.533053 0.40472 0.0512296 -0.109829	(1 2 5 2000 0.587629)
1 3 4 2000 0.515 532 601 606 461 0.533912 0.499296 0.0335393 0.0894505	(1 2 5 2000 0.587629)
1 3 5 2000 0.509545 705 416 791 288 0.535716 0.566493 0.0582741 0.175492	(1 2 5 2000 0.587629)
1 3 6 2000 0.494091 792 295 912 201 0.535444 0.587319 0.0500041 0.161227	(1 2 5 2000 0.587629)
1 3 7 2000 0.486818 818 253 954 175 0.537384 0.591682 0.0419586 0.147118	(1 3 7 2000 0.591682)
1 3 8 2000 0.486818 825 246 961 168 0.535461 0.593739 0.0440859 0.145781	(1 3 8 2000 0.593739)
1 3 9 2000 0.492273 812 271 936 181 0.532596 0.592484 0.0520345 0.156265	(1 3 8 2000 0.593739)
1 3 10 2000 0.492273 788 295 912 205 0.530417 0.585221 0.0450789 0.158888	(1 3 8 2000 0.593739)
1 4 1 2000 0.550455 11 1200 7 982 0.505193 0.0217606 0.0291566 -0.793562	(1 3 8 2000 0.593739)
1 4 2 2000 0.559545 89 1142 65 904 0.516683 0.155187 0.0697739 -0.597036	(1 3 8 2000 0.593739)
1 4 3 2000 0.555909 208 1015 192 785 0.524402 0.298636 0.0650193 -0.337996	(1 3 8 2000 0.593739)
1 4 4 2000 0.539091 337 849 358 656 0.532481 0.399289 0.0457859 -0.120331	(1 3 8 2000 0.593739)
1 4 5 2000 0.517727 477 662 545 516 0.535273 0.473449 0.0287655 0.0413149	(1 3 8 2000 0.593739)
1 4 6 2000 0.511818 645 481 726 348 0.535263 0.545685 0.0493487 0.157808	(1 3 8 2000 0.593739)
1 4 7 2000 0.507273 763 353 854 230 0.534336 0.584674 0.0685998 0.180584	(1 3 8 2000 0.593739)
1 4 8 2000 0.490909 824 256 951 169 0.534423 0.595376 0.05282 0.15217	(1 4 8 2000 0.595376)
1 4 9 2000 0.481818 829 231 976 164 0.535215 0.592566 0.0340054 0.137335	(1 4 8 2000 0.595376)
1 4 10 2000 0.484091 843 222 985 150 0.53566 0.59766 0.0436379 0.137371	(1 4 10 2000 0.59766)
1 5 1 2000 0.550455 6 1205 2 987 0.499783 0.011988 0.0362545 -0.806757	(1 4 10 2000 0.59766)
1 5 2 2000 0.551364 41 1172 35 952 0.513276 0.0767072 0.0334926 -0.716075	(1 4 10 2000 0.59766)
1 5 3 2000 0.562727 132 1106 101 861 0.518857 0.215334 0.0796474 -0.496707	(1 4 10 2000 0.59766)
1 5 4 2000 0.557727 236 991 216 757 0.525268 0.326644 0.0723073 -0.282986	(1 4 10 2000 0.59766)
1 5 5 2000 0.539545 332 855 352 661 0.532652 0.395945 0.0459158 -0.127705	(1 4 10 2000 0.59766)
1 5 6 2000 0.519545 448 695 512 545 0.534754 0.458781 0.0270581 0.0119603	(1 4 10 2000 0.59766)
1 5 7 2000 0.514545 591 541 666 402 0.534247 0.525333 0.0436258 0.131932	(1 4 10 2000 0.59766)
1 5 8 2000 0.507727 704 413 794 289 0.534119 0.565235 0.0545894 0.172901	(1 4 10 2000 0.59766)
1 5 9 2000 0.502273 794 311 896 199 0.533563 0.591875 0.0675239 0.172986	(1 4 10 2000 0.59766)
1 5 10 2000 0.486818 826 245 962 167 0.534141 0.594031 0.0443958 0.145577	(1 4 10 2000 0.59766)
1 6 1 2000 0.550455 5 1206 1 988 0.494596 0.01001 0.0401403 -0.809406	(1 4 10 2000 0.59766)
1 6 2 2000 0.549545 22 1187 20 971 0.508829 0.0425121 0.0203099 -0.764863	(1 4 10 2000 0.59766)
1 6 3 2000 0.56 85 1147 60 908 0.51686 0.149385 0.0719783 -0.60654	(1 4 10 2000 0.59766)
1 6 4 2000 0.562273 163 1074 133 830 0.519961 0.252909 0.078688 -0.428716	(1 4 10 2000 0.59766)
1 6 5 2000 0.555455 247 975 232 746 0.526398 0.335598 0.068162 -0.263394	(1 4 10 2000 0.59766)
1 6 6 2000 0.539091 333 853 354 660 0.531957 0.396429 0.0451629 -0.126445	(1 4 10 2000 0.59766)
1 6 7 2000 0.525455 435 721 486 558 0.533491 0.454545 0.0357235 0.00189479	(1 4 10 2000 0.59766)
1 6 8 2000 0.512727 550 578 629 443 0.533705 0.506446 0.0326795 0.101498	(1 4 10 2000 0.59766)
1 6 9 2000 0.512273 653 474 733 340 0.534356 0.54897 0.0518573 0.161797	(1 4 10 2000 0.59766)
1 6 10 2000 0.508636 744 375 832 249 0.534317 0.579214 0.0661636 0.181051	(1 4 10 2000 0.59766)
1 7 1 2000 0.549545 2 1207 0 991 0.489771 0.0040201 0.0332568 -0.817376	(1 4 10 2000 0.59766)
1 7 2 2000 0.55 14 1196 11 979 0.505027 0.0275049 0.0234051 -0.785696	(1 4 10 2000 0.59766)
1 7 3 2000 0.555909 53 1170 37 940 0.514465 0.0978763 0.0570764 -0.685486	(1 4 10 2000 0.59766)
1 7 4 2000 0.559091 113 1117 90 880 0.517943 0.188963 0.0674569 -0.540802	(1 4 10 2000 0.59766)
1 7 5 2000 0.561818 183 1053 154 810 0.521279 0.275188 0.0783425 -0.386634	(1 4 10 2000 0.59766)
1 7 6 2000 0.554545 252 968 239 741 0.526621 0.339623 0.0666464 -0.254595	(1 4 10 2000 0.59766)
1 7 7 2000 0.535909 329 850 357 664 0.530841 0.3919 0.0381836 -0.134534	(1 4 10 2000 0.59766)
1 7 8 2000 0.526364 422 736 471 571 0.533201 0.447508 0.0352155 -0.0128897	(1 4 10 2000 0.59766)
1 7 9 2000 0.517273 516 622 585 477 0.533914 0.492837 0.0347989 0.0779466	(1 4 10 2000 0.59766)
1 7 10 2000 0.513182 607 522 685 386 0.534156 0.531291 0.0442276 0.140051	(1 4 10 2000 0.59766)
1 8 1 2000 0.548636 0 1207 0 993 0.487327 0 0 -0.822701	(1 4 10 2000 0.59766)
1 8 2 2000 0.550455 8 1203 4 985 0.50159 0.0159204 0.0320414 -0.801469	(1 4 10 2000 0.59766)
1 8 3 2000 0.553182 35 1182 25 958 0.511398 0.0664767 0.0444056 -0.731211	(1 4 10 2000 0.59766)
1 8 4 2000 0.56 83 1149 58 910 0.516509 0.146384 0.0721957 -0.611349	(1 4 10 2000 0.59766)
1 8 5 2000 0.563182 140 1099 108 853 0.518741 0.225624 0.0810484 -0.478702	(1 4 10 2000 0.59766)
1 8 6 2000 0.559545 202 1029 178 791 0.522108 0.294246 0.0736559 -0.348607	(1 4 10 2000 0.59766)
1 8 7 2000 0.556818 265 960 247 728 0.526198 0.352159 0.0732818 -0.229931	(1 4 10 2000 0.59766)
1 8 8 2000 0.535 327 850 357 666 0.53045 0.389982 0.0360488 -0.138172	(1 4 10 2000 0.59766)
1 8 9 2000 0.529091 412 752 455 581 0.53288 0.443011 0.0386334 -0.0231421	(1 4 10 2000 0.59766)
1 8 10 2000 0.514545 482 650 557 511 0.533779 0.474409 0.0238463 0.0435351	(1 4 10 2000 0.59766)
1 9 1 2000 0.548636 0 1207 0 993 0.485999 0 0 -0.822701	(1 4 10 2000 0.59766)
1 9 2 2000 0.550455 7 1204 3 986 0.498512 0.0139581 0.0337627 -0.804111	(1 4 10 2000 0.59766)
1 9 3 2000 0.549545 20 1189 18 973 0.508399 0.0387973 0.0199684 -0.770054	(1 4 10 2000 0.59766)
1 9 4 2000 0.557727 58 1169 38 935 0.514563 0.10652 0.0655902 -0.672832	(1 4 10 2000 0.59766)
1 9 5 2000 0.559545 101 1130 77 892 0.517595 0.172502 0.0691937 -0.568632	(1 4 10 2000 0.59766)
1 9 6 2000 0.562273 156 1081 126 837 0.519476 0.244706 0.0784623 -0.443813	(1 4 10 2000 0.59766)
1 9 7 2000 0.557727 213 1014 193 780 0.522192 0.304503 0.0700413 -0.32741	(1 4 10 2000 0.59766)
1 9 8 2000 0.554091 273 946 261 720 0.526452 0.357564 0.0681167 -0.217047	(1 4 10 2000 0.59766)
1 9 9 2000 0.534545 326 850 357 667 0.530187 0.389021 0.0349801 -0.139993	(1 4 10 2000 0.59766)
1 9 10 2000 0.530909 400 768 439 593 0.532597 0.436681 0.0400668 -0.0370856	(1 4 10 2000 0.59766)
1 10 1 2000 0.548636 0 1207 0 993 0.484544 0 0 -0.822701	(1 4 10 2000 0.59766)
1 10 2 2000 0.550455 5 1206 1 988 0.49529 0.01001 0.0401403 -0.809406	(1 4 10 2000 0.59766)
1 10 3 2000 0.55 15 1195 12 978 0.505752 0.0294118 0.0233389 -0.783078	(1 4 10 2000 0.59766)
1 10 4 2000 0.551818 38 1176 31 955 0.51224 0.0715631 0.0359288 -0.723655	(1 4 10 2000 0.59766)
1 10 5 2000 0.559545 78 1153 54 915 0.516335 0.138667 0.0708471 -0.623495	(1 4 10 2000 0.59766)
1 10 6 2000 0.561364 126 1109 98 867 0.518444 0.207067 0.0751936 -0.510579	(1 4 10 2000 0.59766)
1 10 7 2000 0.560455 170 1063 144 823 0.519725 0.260138 0.0738265 -0.414349	(1 4 10 2000 0.59766)
1 10 8 2000 0.558182 228 1000 207 765 0.522785 0.319328 0.0726014 -0.298047	(1 4 10 2000 0.59766)
1 10 9 2000 0.551818 274 940 267 719 0.526491 0.357236 0.0632365 -0.216429	(1 4 10 2000 0.59766)
1 10 10 2000 0.535455 324 854 353 669 0.529909 0.388024 0.036467 -0.14256	(1 4 10 2000 0.59766)
1 11 1 2000 0.548636 0 1207 0 993 0.481812 0 0 -0.822701	(1 4 10 2000 0.59766)
1 11 2 2000 0.550455 5 1206 1 988 0.492058 0.01001 0.0401403 -0.809406	(1 4 10 2000 0.59766)
1 11 3 2000 0.549545 10 1199 8 983 0.503263 0.0197824 0.0190168 -0.796211	(1 4 10 2000 0.59766)
1 11 4 2000 0.553182 31 1186 21 962 0.509975 0.0593301 0.0452708 -0.74146	(1 4 10 2000 0.59766)
1 11 5 2000 0.559091 61 1169 38 932 0.514684 0.111722 0.0718871 -0.665232	(1 4 10 2000 0.59766)
1 11 6 2000 0.559091 97 1133 74 896 0.517672 0.166667 0.0676066 -0.578127	(1 4 10 2000 0.59766)
1 11 7 2000 0.562273 143 1094 113 850 0.518418 0.228983 0.0781957 -0.472285	(1 4 10 2000 0.59766)
1 11 8 2000 0.561364 185 1050 157 808 0.520433 0.277154 0.0772248 -0.38264	(1 4 10 2000 0.59766)
1 11 9 2000 0.557727 234 993 214 759 0.523178 0.324774 0.0721052 -0.286779	(1 4 10 2000 0.59766)
1 11 10 2000 0.551818 277 937 270 716 0.526548 0.35974 0.0636194 -0.211177	(1 4 10 2000 0.59766)
