# The Best Parameter Set
# [alpha] [beta] [ks] [kt] [score]
0 2 2 1000 0.595349
# [label] [PRED] [DV 1] [DV -1]
1 1 0.157632 0.0933746
-1 1 0.155875 0.0951316
-1 1 0.136046 0.114961
-1 1 0.133034 0.117973
1 -1 0.125252 0.125754
1 1 0.136046 0.114961
1 1 0.148345 0.102662
1 1 0.146086 0.104921
-1 1 0.136046 0.114961
-1 1 0.132532 0.118475
-1 1 0.141317 0.10969
1 1 0.152863 0.0981437
-1 1 0.145333 0.105674
-1 1 0.133787 0.11722
1 1 0.140313 0.110694
1 1 0.141317 0.10969
1 1 0.134289 0.116718
1 1 0.131277 0.11973
1 1 0.12952 0.121487
1 1 0.147843 0.103164
-1 1 0.12701 0.123997
1 1 0.140815 0.110192
1 1 0.143827 0.10718
-1 -1 0.10969 0.141317
1 1 0.137552 0.113455
1 1 0.148596 0.102411
-1 1 0.147843 0.103164
1 1 0.142572 0.108435
1 1 0.153616 0.0973907
1 1 0.148596 0.102411
1 1 0.139309 0.111698
1 1 0.139058 0.111949
-1 1 0.13956 0.111447
1 1 0.138556 0.112451
-1 1 0.138305 0.112702
-1 1 0.144329 0.106678
-1 1 0.130022 0.120985
1 -1 0.118726 0.132281
-1 -1 0.119228 0.131779
1 1 0.142823 0.108184
-1 -1 0.125001 0.126006
1 1 0.136548 0.114459
1 1 0.135042 0.115965
1 1 0.140313 0.110694
-1 1 0.140815 0.110192
1 1 0.143827 0.10718
-1 -1 0.111698 0.139309
-1 1 0.13454 0.116467
1 1 0.147843 0.103164
1 1 0.157632 0.0933746
-1 1 0.148847 0.10216
-1 1 0.134791 0.116216
1 -1 0.108937 0.14207
1 1 0.132532 0.118475
-1 -1 0.112702 0.138305
1 -1 0.109188 0.141819
1 1 0.133034 0.117973
-1 1 0.147843 0.103164
1 1 0.156879 0.0941276
-1 1 0.153365 0.0976417
1 1 0.148345 0.102662
1 1 0.134038 0.116969
1 1 0.142572 0.108435
1 1 0.149098 0.101909
1 1 0.147843 0.103164
1 1 0.152361 0.0986457
-1 1 0.148094 0.102913
1 1 0.139309 0.111698
1 1 0.145835 0.105172
-1 1 0.142572 0.108435
-1 1 0.146086 0.104921
1 1 0.13705 0.113957
1 1 0.14207 0.108937
1 1 0.148094 0.102913
-1 1 0.133536 0.117471
1 1 0.14458 0.106427
1 1 0.139811 0.111196
1 1 0.136548 0.114459
-1 -1 0.116467 0.13454
-1 -1 0.121236 0.129771
1 1 0.133787 0.11722
1 1 0.143325 0.107682
-1 1 0.127261 0.123746
-1 1 0.12952 0.121487
-1 1 0.13203 0.118977
-1 -1 0.113204 0.137803
-1 -1 0.124248 0.126759
1 1 0.151106 0.0999008
-1 1 0.149349 0.101658
-1 -1 0.118224 0.132783
-1 1 0.133536 0.117471
1 1 0.135795 0.115212
1 1 0.145333 0.105674
-1 1 0.15211 0.0988967
-1 1 0.127512 0.123495
-1 -1 0.10718 0.143827
-1 -1 0.1122 0.138807
-1 -1 0.114459 0.136548
1 1 0.141066 0.109941
1 1 0.151357 0.0996498
1 1 0.146337 0.10467
-1 1 0.132783 0.118224
-1 1 0.137552 0.113455
-1 1 0.135795 0.115212
-1 1 0.138054 0.112953
1 1 0.140815 0.110192
1 1 0.145835 0.105172
1 1 0.15211 0.0988967
1 1 0.150102 0.100905
1 1 0.140815 0.110192
-1 1 0.134791 0.116216
-1 1 0.135795 0.115212
-1 1 0.134038 0.116969
1 1 0.134038 0.116969
1 1 0.135544 0.115463
-1 1 0.129771 0.121236
-1 -1 0.117471 0.133536
-1 1 0.131026 0.119981
-1 1 0.13705 0.113957
1 1 0.131277 0.11973
-1 1 0.138054 0.112953
-1 1 0.140815 0.110192
1 1 0.151608 0.0993988
1 1 0.145082 0.105925
-1 1 0.135042 0.115965
-1 1 0.127512 0.123495
-1 -1 0.121989 0.129018
-1 1 0.132783 0.118224
1 1 0.131528 0.119479
1 1 0.13454 0.116467
-1 1 0.145082 0.105925
-1 1 0.130022 0.120985
1 -1 0.110443 0.140564
-1 -1 0.113706 0.137301
-1 -1 0.122742 0.128265
-1 1 0.136046 0.114961
1 1 0.142572 0.108435
1 1 0.142321 0.108686
-1 1 0.13454 0.116467
1 -1 0.109941 0.141066
1 -1 0.120734 0.130273
1 1 0.145584 0.105423
1 1 0.129771 0.121236
-1 1 0.150855 0.100152
1 1 0.137301 0.113706
1 1 0.148094 0.102913
1 1 0.153365 0.0976417
1 1 0.146086 0.104921
-1 1 0.130775 0.120232
-1 1 0.135795 0.115212
1 1 0.1496 0.101407
1 1 0.131277 0.11973
-1 1 0.129771 0.121236
-1 1 0.13203 0.118977
1 1 0.13705 0.113957
-1 1 0.129771 0.121236
1 1 0.12701 0.123997
1 1 0.145082 0.105925
1 1 0.144329 0.106678
1 -1 0.124499 0.126508
-1 1 0.137803 0.113204
1 1 0.131277 0.11973
-1 -1 0.109188 0.141819
1 -1 0.111447 0.13956
-1 1 0.154369 0.0966377
1 1 0.157632 0.0933746
-1 1 0.135293 0.115714
1 1 0.144078 0.106929
1 1 0.149851 0.101156
-1 1 0.150855 0.100152
-1 1 0.144831 0.106176
-1 1 0.138807 0.1122
1 -1 0.114459 0.136548
-1 1 0.128265 0.122742
1 1 0.14207 0.108937
1 1 0.140564 0.110443
1 1 0.14709 0.103917
-1 1 0.133787 0.11722
-1 1 0.129269 0.121738
-1 1 0.132532 0.118475
-1 1 0.138054 0.112953
1 1 0.136548 0.114459
1 1 0.137301 0.113706
-1 -1 0.112702 0.138305
-1 1 0.135042 0.115965
1 1 0.141568 0.109439
-1 1 0.140062 0.110945
1 1 0.150604 0.100403
1 1 0.145835 0.105172
1 1 0.14458 0.106427
1 1 0.128014 0.122993
-1 -1 0.116467 0.13454
-1 -1 0.11722 0.133787
1 1 0.143827 0.10718
1 1 0.148847 0.10216
1 1 0.137301 0.113706
1 1 0.13956 0.111447
1 1 0.143325 0.107682
1 1 0.130775 0.120232
-1 1 0.129771 0.121236
-1 1 0.133285 0.117722
1 1 0.144831 0.106176
-1 1 0.143074 0.107933
-1 1 0.132532 0.118475
-1 -1 0.114459 0.136548
1 -1 0.114961 0.136046
-1 -1 0.124499 0.126508
1 1 0.143576 0.107431
-1 1 0.143325 0.107682
1 1 0.149851 0.101156
1 1 0.141819 0.109188
1 1 0.146588 0.104419
-1 1 0.150102 0.100905
1 1 0.145082 0.105925
-1 1 0.133034 0.117973
