4938
3673
6505
1303
1301
1326
1314
1710
2103
1722
1723
1717
1704
1304
1907
9907
2002
2015
2006
1101
1102
1802
2545
9933
5534
2317
2301
8046
4958
5264
1605
2392
2327
3037
3044
6176
6269
2308
2354
2384
2360
2474
2049
1590
1507
2609
2603
2606
2615
2607
9917
2201
2204
2206
2227
1319
2105
2106
2101
1216
1227
1201
1504
3008
9921
9914
1402
1434
1440
1476
2915
1477
9910
9904
1789
2912
2903
9945
2207
2610
2618
2707
2723
2727
2412
3045
4904
2501
2542
2511
5522
2548
9940
2883
5871
2885
2855
6005
2889
3481
2357
2324
2382
2409
2356
2353
2385
2395
2362
2347
6116
3231
3697
2330
2303
2311
2325
2454
6271
2344
2337
2379
3702
2458
3034
2451
2449
2448
6239
6286
3189
2498
2450